% Model:              frequency_response_and_eigenfrequencies_rayleigh_damping.mph
% Version:            COMSOL 5.2.0.220
% Date:               Dec 25 2018, 01:16
% Dimension:          1
% Nodes:              2001
% Expressions:        1
% Description:        Point graph
% x                       Height
0                         0
1                         5.988251985406311
2                         5.713844723449532
3                         5.4712993859164225
4                         5.262017843445274
5                         5.082016635707098
6                         4.925917593760475
7                         4.788812590051218
8                         4.666763881488221
9                         4.556754393045356
10                        4.456493845967641
11                        4.364227547157622
12                        4.278585387022606
13                        4.198471735599502
14                        4.122987673002034
15                        4.051376672280824
16                        3.982986787127622
17                        3.9172444873013084
18                        3.853637002131497
19                        3.7917013411909988
20                        3.731019145061854
21                        3.6712172612136063
22                        3.6119744785400716
23                        3.5530351466228476
24                        3.4942302926378597
25                        3.4355060738753713
26                        3.3769576442284244
27                        3.3188635946510554
28                        3.2617123393379934
29                        3.206208295063742
30                        3.153244558992155
31                        3.1038325290106625
32                        3.0589888463319794
33                        3.019594413885608
34                        2.9862536633538914
35                        2.959187921472365
36                        2.938190541003248
37                        2.9226548830240096
38                        2.911665734876126
39                        2.9041284276412216
40                        2.898903568770741
41                        2.8949199223830386
42                        2.891249828672785
43                        2.887144698639365
44                        2.8820376833713914
45                        2.875524767837642
46                        2.8673351862023586
47                        2.8572993260311375
48                        2.845319074978004
49                        2.831342933576055
50                        2.8153464808337216
51                        2.7973178259264735
52                        2.777247261726299
53                        2.7551202370002428
54                        2.7309128354823335
55                        2.7045891080598823
56                        2.676099801961294
57                        2.6453822312152733
58                        2.6123612047429794
59                        2.5769510519742664
60                        2.539058852404107
61                        2.498588997691591
62                        2.4554492063959446
63                        2.4095580813864483
64                        2.360854233386404
65                        2.3093068667171046
66                        2.2549275026240654
67                        2.197782190836866
68                        2.1380031558117305
69                        2.0757984101587468
70                        2.011457574024336
71                        1.9453521172855206
72                        1.8779286363796484
73                        1.80969463647273
74                        1.741197508149668
75                        1.6729986892598043
76                        1.6056460129548595
77                        1.5396476349365251
78                        1.4754505735837053
79                        1.4134259109591003
80                        1.3538614114931262
81                        1.2969610943153
82                        1.2428504210221742
83                        1.1915853457653984
84                        1.1431634725577673
85                        1.0975358409741918
86                        1.0546182636231443
87                        1.0143015446389025
88                        0.9764602471985246
89                        0.9409599192683894
90                        0.9076628372164504
91                        0.8764324041604938
92                        0.847136370115429
93                        0.8196490458322306
94                        0.7938526771541343
95                        0.7696381383193632
96                        0.7469050932635839
97                        0.7255617604777881
98                        0.7055243992426224
99                        0.686716611768184
100                       0.6690685313415428
101                       0.652515943637914
102                       0.6369993711864564
103                       0.6224631400825262
104                       0.6088544439815937
105                       0.5961224204162946
106                       0.5842172555737372
107                       0.5730893349109832
108                       0.5626884559540476
109                       0.5529631165045957
110                       0.5438598876440393
111                       0.5353228759732725
112                       0.5272932767158687
113                       0.5197090181724935
114                       0.5125045012450102
115                       0.5056104439439119
116                       0.49895385096188277
117                       0.49245813929524235
118                       0.4860434606253356
119                       0.4796272653959865
120                       0.47312514943840095
121                       0.4664520094149265
122                       0.4595235077613065
123                       0.4522578143224438
124                       0.44457755366599344
125                       0.4364118513752626
126                       0.4276983453447994
127                       0.41838501376999315
128                       0.40843167543567005
129                       0.3978110385158916
130                       0.38650921039869096
131                       0.3745256278472271
132                       0.36187241697806183
133                       0.3485732404233469
134                       0.3346617275632098
135                       0.3201796099229154
136                       0.3051746945724366
137                       0.28969880587771024
138                       0.27380581081899646
139                       0.257549820326026
140                       0.24098363176910623
141                       0.2241574502293724
142                       0.20711790082561976
143                       0.18990732374938865
144                       0.17256332861263693
145                       0.1551185745294498
146                       0.13760073810343046
147                       0.12003263025589768
148                       0.10243242529704791
149                       0.08481396934357609
150                       0.06718714018496272
151                       0.04955823585678611
152                       0.03193037392587694
153                       0.014303888018979477
154                       6.279862018842732
155                       6.262230049759518
156                       6.244587490189448
157                       6.226927160555242
158                       6.209240785257155
159                       6.191519250379343
160                       6.173752833860172
161                       6.1559314092807975
162                       6.138044624705612
163                       6.120082058460433
164                       6.102033353676108
165                       6.083888333824116
166                       6.0656371011616335
167                       6.047270120327016
168                       6.028778288952811
169                       6.010152997376676
170                       5.991386179183087
171                       5.972470354250805
172                       5.953398665967153
173                       5.934164913865752
174                       5.914763583036614
175                       5.895189871277399
176                       5.875439714970989
177                       5.8555098142714135
178                       5.835397658197698
179                       5.81510154989247
180                       5.794620632187995
181                       5.773954913351144
182                       5.75310529280675
183                       5.7320735863657415
184                       5.710862550403098
185                       5.689475904238365
186                       5.667918349961827
187                       5.64619558879348
188                       5.624314333081886
189                       5.602282313016483
190                       5.580108277169451
191                       5.5578019860399595
192                       5.5353741978977995
193                       5.512836646270253
194                       5.490202008652483
195                       5.467483866113793
196                       5.444696653704329
197                       5.421855601727775
198                       5.398976668149374
199                       5.376076462623321
200                       5.353172162787049
201                       5.330281423645198
202                       5.307422281056841
203                       5.284613050434096
204                       5.261872221937989
205                       5.239218353381252
206                       5.2166699623207915
207                       5.1942454186363145
208                       5.171962838962073
209                       5.149839984285143
210                       5.127894161902252
211                       5.106142132866846
212                       5.084600025855162
213                       5.063283258319296
214                       5.042206465565253
215                       5.021383438254831
216                       5.000827068628745
217                       4.980549305672783
218                       4.960561119146188
219                       4.940872472400442
220                       4.921492303655207
221                       4.902428515398723
222                       4.883687971378819
223                       4.865276500665306
224                       4.847198908162013
225                       4.82945899091933
226                       4.812059559577065
227                       4.795002464284363
228                       4.778288624428747
229                       4.7619180615276235
230                       4.745889934704426
231                       4.7302025781772405
232                       4.714853540232905
233                       4.699839623240505
234                       4.68515692427529
235                       4.670800875986142
236                       4.6567662874393765
237                       4.643047384602767
238                       4.629637850342286
239                       4.6165308636897695
240                       4.603719138313456
241                       4.5911949600367965
242                       4.578950223423186
243                       4.566976467305879
244                       4.555264909331327
245                       4.543806479465251
246                       4.5325918525202376
247                       4.521611479725653
248                       4.510855619379853
249                       4.500314366631735
250                       4.489977682433788
251                       4.479835421718483
252                       4.469877360822464
253                       4.460093224219151
254                       4.4504727105496755
255                       4.441005518005653
256                       4.431681369051178
257                       4.422490034507458
258                       4.413421356961315
259                       4.4044652735038206
260                       4.395611837776086
261                       4.3868512412614304
262                       4.378173833812978
263                       4.369570143372885
264                       4.361030894803123
265                       4.352547027807192
266                       4.34410971386557
267                       4.335710372173956
268                       4.327340684470916
269                       4.318992608750965
270                       4.310658391814298
271                       4.302330580592519
272                       4.294002032241401
273                       4.28566592294731
274                       4.277315755462116
275                       4.268945365321943
276                       4.260548925767253
277                       4.252120951363698
278                       4.243656300331766
279                       4.235150175632478
280                       4.226598124789653
281                       4.2179960385487
282                       4.209340148349953
283                       4.200627022733768
284                       4.191853562679013
285                       4.183016995955615
286                       4.17411487056965
287                       4.165145047346897
288                       4.156105691737576
289                       4.1469952649088695
290                       4.13781251420324
291                       4.12855646303282
292                       4.119226400291939
293                       4.1098218693331905
294                       4.100342656631509
295                       4.090788780124296
296                       4.081160477389678
297                       4.071458193656704
298                       4.0616825697170515
299                       4.051834429843385
300                       4.04191476970741
301                       4.0319247444006905
302                       4.021865656552901
303                       4.011738944654898
304                       4.001546171563775
305                       3.9912890132720564
306                       3.980969247941808
307                       3.9705887452598136
308                       3.9601494561204436
309                       3.9496534026565877
310                       3.9391026686544715
311                       3.928499390348334
312                       3.9178457476309285
313                       3.907143955649585
314                       3.8963962568498145
315                       3.8856049134105404
316                       3.8747722001334988
317                       3.8639003977291715
318                       3.8529917865420447
319                       3.842048640682793
320                       3.8310732225764084
321                       3.820067777915011
322                       3.8090345310046847
323                       3.7979756804958633
324                       3.7868933954910005
325                       3.775789812008383
326                       3.7646670298178546
327                       3.753527109576131
328                       3.7423720703222374
329                       3.7312038872594298
330                       3.720024489840935
331                       3.7088357601284647
332                       3.697639531426249
333                       3.68643758715621
334                       3.6752316599689463
335                       3.6640234310861595
336                       3.6528145298312555
337                       3.6416065333712133
338                       3.6304009666265666
339                       3.6191993023436693
340                       3.6080029613273847
341                       3.5968133128115616
342                       3.585631674944408
343                       3.5744593154083146
344                       3.5632974521200578
345                       3.552147254056459
346                       3.5410098421213183
347                       3.5298862901210915
348                       3.5187776257831898
349                       3.507684831841481
350                       3.496608847153252
351                       3.4855505678750336
352                       3.4745108486506213
353                       3.4634905038315824
354                       3.4524903087259484
355                       3.441511000838073
356                       3.4305532811373847
357                       3.4196178153124888
358                       3.4087052350349256
359                       3.3978161392081296
360                       3.3869510952105246
361                       3.376110640121346
362                       3.365295281939507
363                       3.354505500762607
364                       3.3437417499663824
365                       3.3330044573457838
366                       3.3222940262326532
367                       3.3116108365865498
368                       3.30095524606609
369                       3.290327591041221
370                       3.2797281876096496
371                       3.2691573325562744
372                       3.2586153042917188
373                       3.2481023637491564
374                       3.2376187552587803
375                       3.227164707376706
376                       3.2167404336858505
377                       3.2063461335649546
378                       3.1959819929215567
379                       3.1856481848919658
380                       3.1753448705073257
381                       3.1650721993327124
382                       3.1548303100668913
383                       3.1446193311203614
384                       3.134439381150234
385                       3.1242905695751793
386                       3.1141729970681564
387                       3.1040867559962506
388                       3.094031930858966
389                       3.084008598690505
390                       3.0740168294278223
391                       3.064056686270768
392                       3.0541282260049654
393                       3.0442314993063277
394                       3.034366551024049
395                       3.024533420446312
396                       3.0147321415343704
397                       3.004962743150234
398                       2.9952252492604265
399                       2.985519679122462
400                       2.975846047451008
401                       2.96620436457962
402                       2.9565946365971354
403                       2.9470168654712983
404                       2.9374710491690874
405                       2.927957181751396
406                       2.9184752534676774
407                       2.9090252508296537
408                       2.8996071566890413
409                       2.890220950291499
410                       2.8808666073325324
411                       2.8715440999996975
412                       2.862253397014297
413                       2.8529944636621285
414                       2.8437672618169985
415                       2.834571749964789
416                       2.82540788322165
417                       2.8162756133434446
418                       2.807174888739121
419                       2.798105654478038
420                       2.78906785228937
421                       2.7800614205767964
422                       2.7710862944079704
423                       2.762142405523431
424                       2.753229682332727
425                       2.744348049921459
426                       2.735497430040657
427                       2.726677741119616
428                       2.7178888982589844
429                       2.7091308132414675
430                       2.7004033945247707
431                       2.6917065472620014
432                       2.683040173296108
433                       2.674404171178398
434                       2.665798436175108
435                       2.657222860283882
436                       2.648677332249768
437                       2.6401617375831705
438                       2.6316759585826084
439                       2.623219874359976
440                       2.614793360865193
441                       2.606396290917715
442                       2.598028534239078
443                       2.5896899574922343
444                       2.5813804243103693
445                       2.573099795349957
446                       2.5648479283282724
447                       2.556624678072517
448                       2.5484298965717556
449                       2.5402634330263916
450                       2.5321251339063586
451                       2.5240148430073015
452                       2.5159324015143056
453                       2.507877648062498
454                       2.4998504188038995
455                       2.4918505474751416
456                       2.483877865469351
457                       2.4759322019058807
458                       2.4680133837049123
459                       2.460121235663771
460                       2.4522555805388584
461                       2.444416239119985
462                       2.436603030313343
463                       2.428815771222657
464                       2.421054277237345
465                       2.413318362112644
466                       2.4056078380559294
467                       2.3979225158177675
468                       2.3902622047745514
469                       2.382626713018986
470                       2.3750158474478473
471                       2.367429413855211
472                       2.3598672170142443
473                       2.3523290607702947
474                       2.344814748135212
475                       2.337324081369332
476                       2.3298568620753968
477                       2.3224128912826143
478                       2.314991969543165
479                       2.3075938970137813
480                       2.300218473541935
481                       2.2928654987597756
482                       2.285534772161504
483                       2.278226093196671
484                       2.2709392613443344
485                       2.263674076206364
486                       2.2564303375791184
487                       2.2492078455417492
488                       2.2420064005321563
489                       2.234825803421762
490                       2.2276658555987856
491                       2.220526359036771
492                       2.213407116370961
493                       2.2063079309664433
494                       2.1992286069941533
495                       2.1921689494930163
496                       2.1851287644424944
497                       2.1781078588201286
498                       2.171106040670535
499                       2.164123119165547
500                       2.1571589046573187
501                       2.150213208746503
502                       2.14328584432808
503                       2.1363766256500667
504                       2.1294853683630994
505                       2.1226118895707753
506                       2.1157560078750675
507                       2.1089175434303393
508                       2.1020963179723617
509                       2.095292154874578
510                       2.088504879180986
511                       2.0817343176435616
512                       2.074980298762348
513                       2.0682426528153472
514                       2.0615212118927086
515                       2.0548158099262435
516                       2.048126282719669
517                       2.0414524679740658
518                       2.0347942053091197
519                       2.0281513362940062
520                       2.02152370446098
521                       2.0149111553285053
522                       2.0083135364175604
523                       2.0017306972688886
524                       1.9951624894559978
525                       1.9886087665993102
526                       1.9820693843756725
527                       1.9755442005278858
528                       1.9690330748755096
529                       1.962535869318414
530                       1.9560524478388661
531                       1.9495826765151723
532                       1.943126423513338
533                       1.9366835590907772
534                       1.9302539556023255
535                       1.9238374874889026
536                       1.9174340312800784
537                       1.9110434655896988
538                       1.904665671107005
539                       1.8983005305942222
540                       1.8919479288777146
541                       1.8856077528394704
542                       1.8792798914034508
543                       1.8729642355312552
544                       1.8666606782074693
545                       1.860369114428133
546                       1.8540894411829094
547                       1.847821557449449
548                       1.8415653641701626
549                       1.8353207642419345
550                       1.8290876624968946
551                       1.822865965685079
552                       1.8166555824596369
553                       1.8104564233559006
554                       1.8042684007702616
555                       1.798091428947699
556                       1.791925423954011
557                       1.785770303658822
558                       1.7796259877167155
559                       1.7734923975395473
560                       1.7673694562817248
561                       1.7612570888133294
562                       1.7551552216977007
563                       1.7490637831725369
564                       1.742982703121022
565                       1.7369119130535797
566                       1.7308513460805228
567                       1.7248009368900103
568                       1.7187606217241553
569                       1.7127303383536578
570                       1.7067100260548658
571                       1.700699625582751
572                       1.6946990791504288
573                       1.688708330400803
574                       1.6827273243838896
575                       1.6767560075296395
576                       1.6707943276272001
577                       1.6648422337970517
578                       1.6588996764671233
579                       1.6529666073489697
580                       1.647042979409846
581                       1.64112874685394
582                       1.6352238650910236
583                       1.6293282907181312
584                       1.6234419814916121
585                       1.6175648963029898
586                       1.6116969951577793
587                       1.6058382391480872
588                       1.599988590431381
589                       1.5941480122063123
590                       1.588316468687319
591                       1.5824939250845358
592                       1.5766803475785622
593                       1.5708757032998806
594                       1.565079960302117
595                       1.5592930875459914
596                       1.5535150548701184
597                       1.547745832974721
598                       1.541985393397223
599                       1.5362337084908033
600                       1.5304907514051946
601                       1.52475649606328
602                       1.5190309171414798
603                       1.5133139900519585
604                       1.5076056909152782
605                       1.5019059965514543
606                       1.496214884449627
607                       1.4905323327559927
608                       1.4848583202511814
609                       1.479192826333953
610                       1.4735358310001376
611                       1.467887314828204
612                       1.4622472589572615
613                       1.456615645071919
614                       1.4509924553857874
615                       1.445377672623073
616                       1.4397712800019187
617                       1.4341732612186668
618                       1.4285836004316883
619                       1.4230022822462813
620                       1.4174292916958608
621                       1.4118646142333344
622                       1.4063082357097147
623                       1.4007601423638187
624                       1.3952203208048932
625                       1.38968875799984
626                       1.384165441262224
627                       1.3786503582334129
628                       1.3731434968756575
629                       1.3676448454504364
630                       1.3621543925185993
631                       1.356672126915074
632                       1.351198037746202
633                       1.3457321143716245
634                       1.340274346398416
635                       1.3348247236645396
636                       1.329383236231067
637                       1.3239498743729496
638                       1.3185246285626175
639                       1.313107489466836
640                       1.307698447932073
641                       1.3022974949766828
642                       1.296904621781706
643                       1.2915198196788658
644                       1.2861430801467313
645                       1.2807743947976538
646                       1.2754137553699774
647                       1.2700611537226683
648                       1.2647165818236827
649                       1.2593800317442818
650                       1.2540514956497901
651                       1.2487309657957868
652                       1.2434184345152213
653                       1.238113894217443
654                       1.2328173373777498
655                       1.2275287565308937
656                       1.222248144268432
657                       1.2169754932263632
658                       1.2117107960872102
659                       1.2064540455647608
660                       1.2012052344079618
661                       1.1959643553879435
662                       1.1907314012974815
663                       1.1855063649442839
664                       1.1802892391471658
665                       1.175080016728745
666                       1.1698786905137273
667                       1.1646852533242162
668                       1.1594996979732688
669                       1.1543220172640176
670                       1.1491522039825732
671                       1.1439902508973352
672                       1.1388361507517977
673                       1.1336898962665372
674                       1.1285514801292698
675                       1.123420894998003
676                       1.1182981334914726
677                       1.1131831881929208
678                       1.1080760516416763
679                       1.1029767163348196
680                       1.097885174721053
681                       1.092801419201125
682                       1.087725442123944
683                       1.0826572357844875
684                       1.077596792421999
685                       1.0725441042186685
686                       1.0674991632957869
687                       1.062461961714654
688                       1.057432491473031
689                       1.0524107445019195
690                       1.0473967126701746
691                       1.0423903877756173
692                       1.0373917615489512
693                       1.0324008256507085
694                       1.0274175716683704
695                       1.0224419911199636
696                       1.017474075448581
697                       1.0125138160231442
698                       1.0075612041372133
699                       1.0026162310103748
700                       0.9976788877838073
701                       0.992749165522225
702                       0.9878270552134798
703                       0.9829125477668496
704                       0.9780056340130833
705                       0.9731063047039756
706                       0.9682145505121708
707                       0.9633303620307209
708                       0.9584537297739841
709                       0.9535846441761805
710                       0.9487230955902177
711                       0.9438690742923231
712                       0.9390225704760218
713                       0.9341835742549411
714                       0.9293520756667991
715                       0.9245280646658338
716                       0.9197115311281544
717                       0.9149024648508887
718                       0.9101008555529362
719                       0.9053066928736268
720                       0.9005199663756142
721                       0.895740665541836
722                       0.8909687797787815
723                       0.8862042984175413
724                       0.8814472107080695
725                       0.8766975058306293
726                       0.8719551728852671
727                       0.8672202008988719
728                       0.8624925788243741
729                       0.857772295539587
730                       0.853059339850901
731                       0.848353700491892
732                       0.84365536612366
733                       0.8389643253363761
734                       0.834280566650341
735                       0.8296040785164422
736                       0.8249348493159585
737                       0.8202728673626042
738                       0.8156181209031165
739                       0.8109705981162045
740                       0.8063302871172427
741                       0.8016971759542443
742                       0.7970712526127758
743                       0.7924525050155486
744                       0.7878409210216305
745                       0.7832364884291845
746                       0.7786391949753365
747                       0.7740490283395599
748                       0.7694659761384771
749                       0.7648900259357577
750                       0.7603211652348952
751                       0.7557593814833357
752                       0.7512046620750903
753                       0.746656994347562
754                       0.7421163655882196
755                       0.737582763028459
756                       0.7330561738505798
757                       0.728536585186048
758                       0.7240239841157936
759                       0.7195183576740953
760                       0.7150196928457808
761                       0.7105279765694216
762                       0.7060431957383296
763                       0.7015653372003705
764                       0.6970943877602932
765                       0.6926303341792361
766                       0.6881731631767793
767                       0.683722861431394
768                       0.6792794155811954
769                       0.6748428122262574
770                       0.6704130379266601
771                       0.6659900792068817
772                       0.6615739225542269
773                       0.6571645544211184
774                       0.6527619612242804
775                       0.6483661293490728
776                       0.6439770451466541
777                       0.6395946949362173
778                       0.6352190650072534
779                       0.630850141619545
780                       0.6264879110016034
781                       0.6221323593570325
782                       0.6177834728602707
783                       0.6134412376600625
784                       0.609105639879643
785                       0.604776665617201
786                       0.6004543009485784
787                       0.5961385319253139
788                       0.5918293445774849
789                       0.5875267249145437
790                       0.5832306589258511
791                       0.578941132579583
792                       0.5746581318270612
793                       0.570381642602031
794                       0.56611165082039
795                       0.5618481423816638
796                       0.5575911031707991
797                       0.5533405190579523
798                       0.5490963758998979
799                       0.5448586595387831
800                       0.5406273558074337
801                       0.5364024505250553
802                       0.5321839295004295
803                       0.5279717785333564
804                       0.5237659834137652
805                       0.5195665299234311
806                       0.5153734038354815
807                       0.5111865909176709
808                       0.5070060769307803
809                       0.5028318476295051
810                       0.4986638887646259
811                       0.49450218608163476
812                       0.49034672532404533
813                       0.4861974922314876
814                       0.48205447254094375
815                       0.4779176519891176
816                       0.4737870163117369
817                       0.46966255124346284
818                       0.4655442425207234
819                       0.4614320758795681
820                       0.45732603705791036
821                       0.4532261117978547
822                       0.44913228584223425
823                       0.44504454493775425
824                       0.44096287483681673
825                       0.4368872612949666
826                       0.4328176900731806
827                       0.42875414693895664
828                       0.4246966176654768
829                       0.4206450880326143
830                       0.4165995438292025
831                       0.4125599708497132
832                       0.408526354900488
833                       0.40449868179313847
834                       0.4004769373512601
835                       0.39646110740868296
836                       0.39245117780882705
837                       0.3884471344055798
838                       0.384448963066636
839                       0.3804566496697909
840                       0.3764701801048818
841                       0.3724895402778829
842                       0.36851471610430875
843                       0.36454569351610655
844                       0.36058245845825215
845                       0.35662499689136623
846                       0.35267329479056175
847                       0.34872733814729945
848                       0.3447871129679597
849                       0.3408526052760638
850                       0.33692380111208853
851                       0.3330006865334073
852                       0.3290832476143328
853                       0.32517147044870276
854                       0.3212653411479319
855                       0.3173648458418774
856                       0.3134699706797508
857                       0.3095807018291299
858                       0.3056970254797577
859                       0.30181892784008935
860                       0.2979463951381129
861                       0.2940794136245262
862                       0.29021796956933577
863                       0.2863620492658319
864                       0.2825116390274888
865                       0.2786667251904728
866                       0.27482729411371803
867                       0.27099333217773375
868                       0.2671648257865142
869                       0.2633417613685155
870                       0.25952412537291053
871                       0.2557119042761691
872                       0.2519050845749629
873                       0.24810365279415283
874                       0.24430759547958264
875                       0.24051689920474023
876                       0.23673155056605338
877                       0.23295153618724232
878                       0.22917684271507185
879                       0.2254074568247997
880                       0.22164336521634256
881                       0.21788455461522258
882                       0.21413101177467686
883                       0.21038272347306702
884                       0.20663967651705953
885                       0.20290185773952107
886                       0.19916925400138055
887                       0.19544185219063046
888                       0.1917196392216794
889                       0.18800260203844624
890                       0.1842907276116847
891                       0.18058400294088678
892                       0.17688241505404123
893                       0.17318595100711456
894                       0.169494597885548
895                       0.16580834280159548
896                       0.16212717289940337
897                       0.15845107535016464
898                       0.15478003735465584
899                       0.15111404614317211
900                       0.1474530889764119
901                       0.14379715314257469
902                       0.1401462259619566
903                       0.13650029478378403
904                       0.13285934698763094
905                       0.12922336998259978
906                       0.12559235120959572
907                       0.12196627813701541
908                       0.11834513826621497
909                       0.1147289191287128
910                       0.11111760828638811
911                       0.10751119333236274
912                       0.10390966188948682
913                       0.10031300161259281
914                       0.09672120018825142
915                       0.09313424533235716
916                       0.08955212479354782
917                       0.08597482635050385
918                       0.08240233781429057
919                       0.07883464702789664
920                       0.07527174186372979
921                       0.07171361022767574
922                       0.06816024005736314
923                       0.06461161932072312
924                       0.06106773601874981
925                       0.05752857818290507
926                       0.05399413387726614
927                       0.05046439119965398
928                       0.046939338275740074
929                       0.04341896326714409
930                       0.039903254364880625
931                       0.03639219979422831
932                       0.032885787811774335
933                       0.029384006703304807
934                       0.02588684479210746
935                       0.022394290430190204
936                       0.018906332002420628
937                       0.015422957926455167
938                       0.011944156651693771
939                       0.008469916660453597
940                       0.005000226466020577
941                       0.0015350746165556858
942                       6.281259756869176
943                       6.277803647476496
944                       6.274352042262194
945                       6.270904929901486
946                       6.267462299103253
947                       6.264024138608469
948                       6.260590437190254
949                       6.257161183653636
950                       6.25373636683726
951                       6.250315975610878
952                       6.2468999988774225
953                       6.243488425571842
954                       6.240081244661887
955                       6.236678445146601
956                       6.23328001605782
957                       6.229885946460693
958                       6.22649622545173
959                       6.223110842158765
960                       6.21972978574412
961                       6.216353045400455
962                       6.212980610352976
963                       6.209612469860646
964                       6.206248613211386
965                       6.202889029729049
966                       6.19953370876697
967                       6.196182639710319
968                       6.192835811978533
969                       6.189493215021272
970                       6.186154838319506
971                       6.182820671388547
972                       6.179490703774768
973                       6.176164925054152
974                       6.172843324837111
975                       6.1695258927646925
976                       6.166212618510046
977                       6.1629034917778975
978                       6.159598502304299
979                       6.156297639856552
980                       6.153000894235174
981                       6.149708255270291
982                       6.1464197128249705
983                       6.143135256791788
984                       6.139854877096536
985                       6.136578563695157
986                       6.133306306575199
987                       6.130038095755901
988                       6.126773921286669
989                       6.123513773248472
990                       6.120257641753189
991                       6.117005516943916
992                       6.113757388993993
993                       6.110513248108138
994                       6.107273084522344
995                       6.10403688850149
996                       6.100804650343539
997                       6.097576360375117
998                       6.094352008953883
999                       6.091131586468089
1000                      6.087915083336869
1001                      6.084702490009177
1002                      6.0814937969640965
1003                      6.078288994711258
1004                      6.0750880737896145
1005                      6.0718910247696956
1006                      6.068697838250709
1007                      6.065508504861668
1008                      6.0623230152626855
1009                      6.059141360142713
1010                      6.055963530220501
1011                      6.052789516245198
1012                      6.049619308993807
1013                      6.046452899275038
1014                      6.043290277924547
1015                      6.0401314358101805
1016                      6.036976363826254
1017                      6.0338250528987025
1018                      6.030677493980614
1019                      6.027533678055223
1020                      6.024393596134023
1021                      6.021257239258543
1022                      6.018124598498156
1023                      6.014995664950792
1024                      6.011870429744024
1025                      6.0087488840336984
1026                      6.0056310190031805
1027                      6.002516825865474
1028                      5.999406295861681
1029                      5.996299420260328
1030                      5.993196190358718
1031                      5.990096597483314
1032                      5.987000632986234
1033                      5.983908288249766
1034                      5.9808195546838405
1035                      5.977734423724162
1036                      5.974652886835946
1037                      5.9715749355118355
1038                      5.968500561271238
1039                      5.965429755662599
1040                      5.962362510259882
1041                      5.95929881666534
1042                      5.95623866650826
1043                      5.9531820514454274
1044                      5.95012896315928
1045                      5.947079393361043
1046                      5.944033333788055
1047                      5.940990776204064
1048                      5.937951712399893
1049                      5.934916134193031
1050                      5.931884033428174
1051                      5.928855401974298
1052                      5.925830231729623
1053                      5.922808514616727
1054                      5.919790242585057
1055                      5.916775407609092
1056                      5.9137640016919315
1057                      5.910756016860196
1058                      5.907751445167142
1059                      5.904750278691865
1060                      5.901752509539633
1061                      5.898758129840302
1062                      5.895767131750321
1063                      5.892779507450915
1064                      5.889795249148905
1065                      5.886814349075994
1066                      5.883836799490458
1067                      5.880862592673281
1068                      5.87789172093264
1069                      5.874924176601395
1070                      5.871959952035352
1071                      5.868999039618121
1072                      5.866041431754959
1073                      5.8630871208776165
1074                      5.860136099442357
1075                      5.857188359928568
1076                      5.854243894841519
1077                      5.851302696709871
1078                      5.848364758086497
1079                      5.845430071548423
1080                      5.842498629696811
1081                      5.83957042515693
1082                      5.83664545057747
1083                      5.833723698631266
1084                      5.830805162014562
1085                      5.8278898334474665
1086                      5.824977705672843
1087                      5.822068771458429
1088                      5.819163023593067
1089                      5.816260454891982
1090                      5.813361058190819
1091                      5.810464826348776
1092                      5.8075717522497445
1093                      5.804681828798841
1094                      5.801795048924277
1095                      5.798911405577724
1096                      5.796030891732795
1097                      5.793153500387165
1098                      5.79027922455853
1099                      5.787408057288574
1100                      5.784539991641791
1101                      5.781675020703631
1102                      5.778813137582228
1103                      5.7759543354088825
1104                      5.773098607335277
1105                      5.770245946536067
1106                      5.767396346207421
1107                      5.764549799567077
1108                      5.761706299854748
1109                      5.758865840332085
1110                      5.75602841428201
1111                      5.753194015007967
1112                      5.7503626358365985
1113                      5.747534270114055
1114                      5.74470891120936
1115                      5.741886552511187
1116                      5.739067187430263
1117                      5.736250809397656
1118                      5.733437411866053
1119                      5.730626988307791
1120                      5.727819532217145
1121                      5.725015037108977
1122                      5.722213496517336
1123                      5.719414903999193
1124                      5.716619253129045
1125                      5.713826537504261
1126                      5.711036750741419
1127                      5.708249886476491
1128                      5.705465938367754
1129                      5.702684900090977
1130                      5.699906765344094
1131                      5.69713152784276
1132                      5.694359181324894
1133                      5.691589719545718
1134                      5.688823136282597
1135                      5.686059425330235
1136                      5.683298580503671
1137                      5.680540595638562
1138                      5.67778546458778
1139                      5.675033181225219
1140                      5.672283739442797
1141                      5.66953713315263
1142                      5.666793356285303
1143                      5.664052402789619
1144                      5.661314266635455
1145                      5.658578941809635
1146                      5.6558464223180245
1147                      5.6531167021860185
1148                      5.650389775456808
1149                      5.6476656361929605
1150                      5.644944278474162
1151                      5.642225696399823
1152                      5.639509884087889
1153                      5.636796835672893
1154                      5.6340865453088655
1155                      5.631379007168699
1156                      5.628674215440459
1157                      5.625972164333311
1158                      5.623272848072747
1159                      5.6205762609033325
1160                      5.61788239708496
1161                      5.615191250897873
1162                      5.612502816638465
1163                      5.609817088621474
1164                      5.607134061178025
1165                      5.604453728658265
1166                      5.601776085428398
1167                      5.599101125872195
1168                      5.596428844391256
1169                      5.593759235403588
1170                      5.591092293344719
1171                      5.588428012667519
1172                      5.58576638784051
1173                      5.583107413350199
1174                      5.580451083700363
1175                      5.577797393410237
1176                      5.575146337016607
1177                      5.572497909072814
1178                      5.56985210414829
1179                      5.56720891682936
1180                      5.564568341718456
1181                      5.561930373435227
1182                      5.55929500661472
1183                      5.5566622359085915
1184                      5.554032055984529
1185                      5.5514044615259355
1186                      5.548779447233809
1187                      5.546157007822826
1188                      5.543537138025483
1189                      5.540919832589844
1190                      5.5383050862784575
1191                      5.535692893870994
1192                      5.533083250162731
1193                      5.530476149963598
1194                      5.527871588100041
1195                      5.525269559413434
1196                      5.522670058759969
1197                      5.520073081013433
1198                      5.517478621060561
1199                      5.5148866738040585
1200                      5.512297234162562
1201                      5.509710297069387
1202                      5.507125857472055
1203                      5.504543910334596
1204                      5.501964450634856
1205                      5.499387473365605
1206                      5.49681297353579
1207                      5.494240946166733
1208                      5.491671386296953
1209                      5.489104288977989
1210                      5.486539649277541
1211                      5.483977462275404
1212                      5.481417723068262
1213                      5.478860426765841
1214                      5.476305568492965
1215                      5.473753143387905
1216                      5.471203146604507
1217                      5.468655573309832
1218                      5.466110418685413
1219                      5.463567677926189
1220                      5.461027346242373
1221                      5.458489418857293
1222                      5.455953891008652
1223                      5.453420757947822
1224                      5.450890014939793
1225                      5.448361657263716
1226                      5.445835680211533
1227                      5.4433120790907505
1228                      5.440790849220668
1229                      5.438271985934715
1230                      5.435755484580252
1231                      5.4332413405172835
1232                      5.430729549119875
1233                      5.428220105775362
1234                      5.4257130058839325
1235                      5.423208244859435
1236                      5.4207058181284244
1237                      5.418205721131367
1238                      5.415707949321109
1239                      5.4132124981640874
1240                      5.4107193631390205
1241                      5.408228539738169
1242                      5.405740023466864
1243                      5.403253809842312
1244                      5.400769894395396
1245                      5.398288272668866
1246                      5.395808940219441
1247                      5.393331892615016
1248                      5.390857125437764
1249                      5.388384634280553
1250                      5.3859144147500135
1251                      5.38344646246505
1252                      5.3809807730562
1253                      5.378517342166395
1254                      5.376056165452521
1255                      5.373597238582082
1256                      5.371140557235392
1257                      5.3686861171042075
1258                      5.3662339138935575
1259                      5.3637839433195476
1260                      5.361336201110881
1261                      5.358890683008075
1262                      5.356447384763465
1263                      5.35400630214122
1264                      5.351567430917172
1265                      5.349130766880012
1266                      5.346696305828744
1267                      5.3442640435755004
1268                      5.341833975942173
1269                      5.33940609876441
1270                      5.336980407887329
1271                      5.334556899169586
1272                      5.332135568480014
1273                      5.329716411699221
1274                      5.327299424719198
1275                      5.3248846034431585
1276                      5.322471943786018
1277                      5.320061441673258
1278                      5.317653093042718
1279                      5.31524689384194
1280                      5.312842840030916
1281                      5.310440927579618
1282                      5.308041152470251
1283                      5.305643510695067
1284                      5.303247998257594
1285                      5.300854611172858
1286                      5.29846334546494
1287                      5.296074197171594
1288                      5.293687162338561
1289                      5.29130223702456
1290                      5.288919417297315
1291                      5.286538699236777
1292                      5.284160078932126
1293                      5.281783552483842
1294                      5.279409116003123
1295                      5.277036765611459
1296                      5.2746664974409025
1297                      5.272298307633282
1298                      5.269932192342262
1299                      5.26756814773027
1300                      5.265206169971137
1301                      5.2628462552494675
1302                      5.260488399757577
1303                      5.258132599700893
1304                      5.255778851294387
1305                      5.25342715076088
1306                      5.251077494336622
1307                      5.248729878265513
1308                      5.246384298802708
1309                      5.244040752213279
1310                      5.241699234771092
1311                      5.239359742761416
1312                      5.237022272478185
1313                      5.234686820226138
1314                      5.232353382319113
1315                      5.23002195508195
1316                      5.227692534846908
1317                      5.225365117958045
1318                      5.223039700768446
1319                      5.220716279640354
1320                      5.218394850946434
1321                      5.216075411068254
1322                      5.213757956396275
1323                      5.211442483332629
1324                      5.209128988286785
1325                      5.206817467678332
1326                      5.2045079179369
1327                      5.202200335500346
1328                      5.19989471681637
1329                      5.1975910583422085
1330                      5.195289356543677
1331                      5.19298960789626
1332                      5.19069180888516
1333                      5.188395956003575
1334                      5.1861020457548905
1335                      5.183810074650317
1336                      5.181520039211217
1337                      5.179231935967309
1338                      5.176945761458361
1339                      5.174661512232064
1340                      5.172379184844631
1341                      5.17009877586227
1342                      5.167820281860127
1343                      5.165543699420799
1344                      5.163269025136828
1345                      5.160996255608943
1346                      5.15872538744794
1347                      5.1564564172707685
1348                      5.154189341705375
1349                      5.1519241573872225
1350                      5.149660860961028
1351                      5.147399449079392
1352                      5.1451399184034265
1353                      5.1428822656039195
1354                      5.140626487358479
1355                      5.138372580354638
1356                      5.136120541287086
1357                      5.133870366860426
1358                      5.1316220537862485
1359                      5.129375598784499
1360                      5.1271309985846605
1361                      5.124888249923811
1362                      5.122647349546522
1363                      5.120408294206848
1364                      5.1181710806661975
1365                      5.115935705694463
1366                      5.113702166069745
1367                      5.111470458577978
1368                      5.109240580013294
1369                      5.107012527178192
1370                      5.104786296882377
1371                      5.102561885944215
1372                      5.1003392911901875
1373                      5.0981185094539745
1374                      5.095899537578228
1375                      5.093682372412248
1376                      5.0914670108142515
1377                      5.0892534496493145
1378                      5.087041685791077
1379                      5.084831716120945
1380                      5.08262353752815
1381                      5.080417146908495
1382                      5.078212541166103
1383                      5.076009717214324
1384                      5.073808671971712
1385                      5.071609402365627
1386                      5.069411905331508
1387                      5.067216177811119
1388                      5.065022216754885
1389                      5.062830019120063
1390                      5.060639581871434
1391                      5.0584509019818045
1392                      5.056263976430527
1393                      5.05407880220516
1394                      5.051895376300667
1395                      5.049713695718446
1396                      5.047533757467923
1397                      5.045355558566115
1398                      5.043179096036556
1399                      5.0410043669114355
1400                      5.038831368227498
1401                      5.036660097031657
1402                      5.034490550376152
1403                      5.032322725321906
1404                      5.030156618934649
1405                      5.027992228289898
1406                      5.025829550468175
1407                      5.023668582558522
1408                      5.021509321655259
1409                      5.019351764862328
1410                      5.017195909288599
1411                      5.015041752050201
1412                      5.0128892902708655
1413                      5.010738521081191
1414                      5.008589441617999
1415                      5.006442049025823
1416                      5.0042963404551
1417                      5.002152313063615
1418                      5.000009964016909
1419                      4.997869290485178
1420                      4.995730289647733
1421                      4.993592958688882
1422                      4.991457294800509
1423                      4.989323295181257
1424                      4.987190957035423
1425                      4.985060277575632
1426                      4.982931254019295
1427                      4.9808038835920065
1428                      4.978678163525352
1429                      4.976554091057547
1430                      4.974431663432604
1431                      4.972310877902275
1432                      4.970191731724279
1433                      4.968074222162656
1434                      4.965958346488199
1435                      4.963844101977691
1436                      4.961731485915389
1437                      4.959620495590879
1438                      4.957511128300114
1439                      4.95540338134609
1440                      4.953297252038124
1441                      4.951192737691637
1442                      4.949089835627626
1443                      4.946988543174534
1444                      4.944888857666127
1445                      4.942790776443561
1446                      4.940694296853036
1447                      4.938599416247502
1448                      4.936506131985684
1449                      4.934414441433635
1450                      4.932324341961544
1451                      4.930235830947733
1452                      4.928148905775497
1453                      4.926063563834562
1454                      4.923979802520568
1455                      4.9218976192350645
1456                      4.919817011386465
1457                      4.917737976388052
1458                      4.915660511659897
1459                      4.913584614626948
1460                      4.91151028272236
1461                      4.909437513382479
1462                      4.907366304051446
1463                      4.9052966521786905
1464                      4.903228555219125
1465                      4.901162010634085
1466                      4.899097015890972
1467                      4.897033568462075
1468                      4.894971665826478
1469                      4.892911305468158
1470                      4.890852484877386
1471                      4.888795201550295
1472                      4.886739452988137
1473                      4.884685236698875
1474                      4.882632550194994
1475                      4.8805813909957365
1476                      4.878531756624868
1477                      4.876483644612882
1478                      4.874437052494872
1479                      4.872391977813144
1480                      4.870348418113754
1481                      4.868306370949649
1482                      4.866265833877645
1483                      4.864226804462519
1484                      4.862189280272454
1485                      4.860153258882267
1486                      4.8581187378726245
1487                      4.856085714828156
1488                      4.854054187339852
1489                      4.852024153004493
1490                      4.849995609423483
1491                      4.8479685542045035
1492                      4.845942984959517
1493                      4.843918899306797
1494                      4.841896294869734
1495                      4.839875169277228
1496                      4.837855520162389
1497                      4.835837345165134
1498                      4.833820641930063
1499                      4.831805408106798
1500                      4.829791641350305
1501                      4.827779339321034
1502                      4.825768499684388
1503                      4.82375912011188
1504                      4.82175119827808
1505                      4.819744731865367
1506                      4.817739718559343
1507                      4.815736156051867
1508                      4.81373404203891
1509                      4.811733374223128
1510                      4.809734150310301
1511                      4.807736368013327
1512                      4.8057400250474105
1513                      4.8037451191366305
1514                      4.801751648006564
1515                      4.799759609390305
1516                      4.797769001023942
1517                      4.795779820650114
1518                      4.793792066015953
1519                      4.791805734872763
1520                      4.789820824978456
1521                      4.78783733409426
1522                      4.7858552599871835
1523                      4.783874600428826
1524                      4.781895353196275
1525                      4.779917516070754
1526                      4.777941086838172
1527                      4.775966063290347
1528                      4.773992443223017
1529                      4.772020224437365
1530                      4.770049404738465
1531                      4.7680799819371344
1532                      4.766111953849067
1533                      4.764145318293281
1534                      4.762180073094948
1535                      4.760216216083802
1536                      4.758253745093919
1537                      4.75629265796443
1538                      4.75433295253822
1539                      4.752374626664523
1540                      4.75041767819529
1541                      4.748462104989429
1542                      4.746507904907768
1543                      4.744555075818399
1544                      4.742603615592099
1545                      4.740653522105059
1546                      4.7387047932384565
1547                      4.736757426876711
1548                      4.734811420910184
1549                      4.732866773233375
1550                      4.730923481744801
1551                      4.728981544348476
1552                      4.72704095895125
1553                      4.7251017234665476
1554                      4.723163835810878
1555                      4.721227293905991
1556                      4.719292095676809
1557                      4.717358239054388
1558                      4.715425721973601
1559                      4.713494542372818
1560                      4.711564698196302
1561                      4.709636187391538
1562                      4.707709007911042
1563                      4.705783157711213
1564                      4.703858634753365
1565                      4.701935437002964
1566                      4.700013562429303
1567                      4.698093009006747
1568                      4.696173774713555
1569                      4.694255857532302
1570                      4.692339255449648
1571                      4.690423966457632
1572                      4.688509988550825
1573                      4.6865973197291115
1574                      4.684685957996656
1575                      4.68277590136129
1576                      4.680867147835609
1577                      4.678959695436019
1578                      4.677053542183517
1579                      4.675148686102906
1580                      4.67324512522255
1581                      4.671342857576743
1582                      4.669441881202427
1583                      4.6675421941408555
1584                      4.665643794437775
1585                      4.6637466801434915
1586                      4.661850849310909
1587                      4.659956299998529
1588                      4.658063030267993
1589                      4.656171038185539
1590                      4.654280321820896
1591                      4.6523908792489905
1592                      4.6505027085469175
1593                      4.648615807797577
1594                      4.646730175086778
1595                      4.64484580850479
1596                      4.642962706145704
1597                      4.641080866108035
1598                      4.639200286492651
1599                      4.637320965406708
1600                      4.635442900960079
1601                      4.633566091266031
1602                      4.6316905344429
1603                      4.629816228612289
1604                      4.627943171899354
1605                      4.626071362434438
1606                      4.624200798349836
1607                      4.6223314777837
1608                      4.620463398876188
1609                      4.618596559773031
1610                      4.61673095862267
1611                      4.614866593577833
1612                      4.613003462794303
1613                      4.611141564432623
1614                      4.609280896656952
1615                      4.607421457634985
1616                      4.60556324553786
1617                      4.603706258541343
1618                      4.60185049482435
1619                      4.599995952569391
1620                      4.598142629962626
1621                      4.596290525194599
1622                      4.594439636459712
1623                      4.592589961955382
1624                      4.59074149988242
1625                      4.58889424844606
1626                      4.587048205854915
1627                      4.585203370321419
1628                      4.583359740061397
1629                      4.581517313294571
1630                      4.579676088243929
1631                      4.577836063136362
1632                      4.575997236202784
1633                      4.574159605676359
1634                      4.572323169795631
1635                      4.5704879268014516
1636                      4.568653874938194
1637                      4.566821012454843
1638                      4.564989337602716
1639                      4.563158848638133
1640                      4.561329543819182
1641                      4.5595014214090295
1642                      4.557674479672961
1643                      4.555848716880998
1644                      4.554024131306271
1645                      4.552200721224851
1646                      4.5503784849170374
1647                      4.548557420666083
1648                      4.54673752675928
1649                      4.5449188014864506
1650                      4.5431012431418765
1651                      4.541284850022514
1652                      4.539469620428695
1653                      4.537655552665131
1654                      4.535842645038968
1655                      4.534030895861204
1656                      4.532220303445849
1657                      4.5304108661107625
1658                      4.528602582176423
1659                      4.526795449967753
1660                      4.524989467812755
1661                      4.523184634041727
1662                      4.521380946989064
1663                      4.519578404993119
1664                      4.517777006394391
1665                      4.515976749537049
1666                      4.514177632769695
1667                      4.512379654442089
1668                      4.510582812908702
1669                      4.508787106527538
1670                      4.506992533659058
1671                      4.505199092667164
1672                      4.503406781918677
1673                      4.5016155997846665
1674                      4.499825544638624
1675                      4.498036614857692
1676                      4.4962488088216315
1677                      4.494462124914196
1678                      4.49267656152174
1679                      4.490892117033781
1680                      4.489108789843349
1681                      4.487326578346645
1682                      4.485545480942633
1683                      4.483765496034508
1684                      4.4819866220266835
1685                      4.48020885732851
1686                      4.478432200351983
1687                      4.476656649511416
1688                      4.47488220322521
1689                      4.473108859914717
1690                      4.471336618003567
1691                      4.469565475919774
1692                      4.467795432093527
1693                      4.466026484958184
1694                      4.464258632950772
1695                      4.4624918745105395
1696                      4.460726208080072
1697                      4.458961632105321
1698                      4.457198145035087
1699                      4.455435745321257
1700                      4.4536744314184435
1701                      4.45191420178478
1702                      4.450155054880375
1703                      4.448396989169735
1704                      4.446640003119371
1705                      4.444884095199138
1706                      4.443129263882346
1707                      4.441375507643846
1708                      4.439622824963067
1709                      4.437871214321475
1710                      4.436120674202938
1711                      4.43437120309622
1712                      4.432622799491076
1713                      4.430875461880937
1714                      4.429129188762159
1715                      4.4273839786342375
1716                      4.42563982999868
1717                      4.423896741360846
1718                      4.422154711228973
1719                      4.420413738113343
1720                      4.4186738205278795
1721                      4.416934956988673
1722                      4.415197146015551
1723                      4.413460386130252
1724                      4.411724675858415
1725                      4.409990013727722
1726                      4.408256398268667
1727                      4.406523828014885
1728                      4.40479230150268
1729                      4.403061817271322
1730                      4.401332373862607
1731                      4.399603969821632
1732                      4.397876603695623
1733                      4.3961502740349
1734                      4.394424979392705
1735                      4.392700718324464
1736                      4.3909774893897024
1737                      4.389255291148773
1738                      4.387534122166285
1739                      4.385813981009077
1740                      4.38409486624646
1741                      4.382376776450904
1742                      4.380659710197776
1743                      4.378943666063854
1744                      4.377228642630369
1745                      4.375514638480672
1746                      4.373801652199151
1747                      4.372089682376103
1748                      4.370378727601663
1749                      4.36866878646946
1750                      4.366959857576889
1751                      4.365251939522251
1752                      4.363545030907854
1753                      4.361839130337971
1754                      4.360134236419826
1755                      4.358430347763033
1756                      4.356727462979876
1757                      4.355025580685596
1758                      4.353324699497266
1759                      4.351624818035598
1760                      4.349925934922673
1761                      4.348228048785014
1762                      4.346531158249465
1763                      4.344835261946748
1764                      4.343140358510649
1765                      4.3414464465761435
1766                      4.339753524781825
1767                      4.338061591768428
1768                      4.336370646179375
1769                      4.334680686660014
1770                      4.3329917118591315
1771                      4.331303720428261
1772                      4.329616711019646
1773                      4.32793068229049
1774                      4.32624563289807
1775                      4.32456156150469
1776                      4.322878466772517
1777                      4.321196347368653
1778                      4.319515201960546
1779                      4.317835029220241
1780                      4.316155827820543
1781                      4.314477596437065
1782                      4.3128003337490775
1783                      4.311124038436616
1784                      4.309448709183343
1785                      4.30777434467449
1786                      4.3061009435988105
1787                      4.304428504646502
1788                      4.302757026510571
1789                      4.301086507886485
1790                      4.299416947472134
1791                      4.297748343968199
1792                      4.296080696076484
1793                      4.294414002502437
1794                      4.292748261953683
1795                      4.291083473139304
1796                      4.289419634773207
1797                      4.2877567455681405
1798                      4.286094804242119
1799                      4.284433809513518
1800                      4.282773760104931
1801                      4.281114654740307
1802                      4.279456492145488
1803                      4.277799271049277
1804                      4.276142990183036
1805                      4.274487648279905
1806                      4.272833244075196
1807                      4.271179776308117
1808                      4.269527243717997
1809                      4.267875645047754
1810                      4.266224979042249
1811                      4.264575244448639
1812                      4.262926440016687
1813                      4.261278564497909
1814                      4.2596316166465
1815                      4.257985595218887
1816                      4.25634049897352
1817                      4.254696326671498
1818                      4.253053077075741
1819                      4.251410748952006
1820                      4.249769341067598
1821                      4.248128852192535
1822                      4.2464892810991675
1823                      4.244850626560934
1824                      4.243212887355382
1825                      4.241576062260722
1826                      4.239940150058695
1827                      4.238305149531796
1828                      4.236671059465702
1829                      4.235037878647919
1830                      4.233405605868644
1831                      4.231774239919476
1832                      4.230143779594545
1833                      4.228514223690833
1834                      4.226885571006131
1835                      4.225257820341426
1836                      4.223630970499547
1837                      4.222005020285982
1838                      4.220379968507327
1839                      4.218755813973004
1840                      4.217132555495267
1841                      4.215510191886239
1842                      4.213888721963082
1843                      4.212268144542808
1844                      4.210648458445472
1845                      4.209029662493805
1846                      4.207411755511295
1847                      4.205794736324734
1848                      4.204178603762505
1849                      4.202563356654997
1850                      4.200948993834521
1851                      4.199335514136296
1852                      4.197722916396907
1853                      4.196111199456024
1854                      4.194500362153049
1855                      4.192890403331836
1856                      4.19128132183727
1857                      4.189673116517019
1858                      4.18806578622013
1859                      4.186459329796888
1860                      4.184853746101442
1861                      4.183249033988853
1862                      4.181645192316946
1863                      4.180042219944489
1864                      4.178440115733306
1865                      4.176838878546478
1866                      4.175238507249464
1867                      4.173639000710079
1868                      4.172040357797292
1869                      4.170442577383671
1870                      4.168845658340892
1871                      4.1672495995458565
1872                      4.165654399875438
1873                      4.164060058209106
1874                      4.162466573427947
1875                      4.160873944416263
1876                      4.159282170058877
1877                      4.157691249242767
1878                      4.156101180857677
1879                      4.1545119637943255
1880                      4.1529235969464615
1881                      4.151336079208631
1882                      4.149749409478799
1883                      4.148163586654807
1884                      4.146578609638475
1885                      4.144994477332535
1886                      4.143411188641716
1887                      4.141828742472521
1888                      4.140247137733566
1889                      4.138666373335408
1890                      4.137086448190839
1891                      4.135507361213563
1892                      4.133929111320495
1893                      4.132351697429707
1894                      4.130775118460697
1895                      4.12919937333567
1896                      4.127624460978675
1897                      4.126050380315123
1898                      4.124477130272325
1899                      4.122904709780025
1900                      4.121333117769853
1901                      4.119762353173788
1902                      4.118192414927883
1903                      4.116623301968213
1904                      4.115055013234316
1905                      4.11348754766602
1906                      4.111920904206093
1907                      4.11035508179835
1908                      4.1087900793889
1909                      4.107225895925975
1910                      4.105662530358634
1911                      4.1040999816388695
1912                      4.102538248719448
1913                      4.100977330555919
1914                      4.099417226105208
1915                      4.097857934325972
1916                      4.096299454178368
1917                      4.094741784625165
1918                      4.093184924630107
1919                      4.091628873159421
1920                      4.090073629180306
1921                      4.088519191662663
1922                      4.086965559576791
1923                      4.085412731897172
1924                      4.083860707596957
1925                      4.0823094856534485
1926                      4.0807590650452195
1927                      4.07920944475161
1928                      4.077660623754113
1929                      4.076112601037238
1930                      4.074565375585603
1931                      4.0730189463860995
1932                      4.071473312427294
1933                      4.069928472699889
1934                      4.068384426196301
1935                      4.066841171910028
1936                      4.065298708836231
1937                      4.0637570359731985
1938                      4.062216152318847
1939                      4.060676056874975
1940                      4.059136748643523
1941                      4.057598226628005
1942                      4.056060489835168
1943                      4.054523537272028
1944                      4.052987367947496
1945                      4.051451980873287
1946                      4.049917375060866
1947                      4.048383549525045
1948                      4.046850503281815
1949                      4.045318235348274
1950                      4.043786744744092
1951                      4.0422560304899
1952                      4.0407260916080165
1953                      4.039196927122861
1954                      4.037668536060389
1955                      4.036140917448041
1956                      4.034614070314722
1957                      4.033087993690998
1958                      4.031562686609657
1959                      4.0300381481043415
1960                      4.028514377211149
1961                      4.02699137296684
1962                      4.025469134410697
1963                      4.023947660582836
1964                      4.022426950525551
1965                      4.020907003282739
1966                      4.019387817899371
1967                      4.017869393422259
1968                      4.016351728900994
1969                      4.014834823383863
1970                      4.013318675923843
1971                      4.011803285573999
1972                      4.010288651389317
1973                      4.008774772425616
1974                      4.0072616477413705
1975                      4.005749276396335
1976                      4.004237657451096
1977                      4.002726789969204
1978                      4.001216673014335
1979                      3.9997073056524353
1980                      3.9981986869509063
1981                      3.9966908159787016
1982                      3.9951836918065764
1983                      3.9936773135059647
1984                      3.99217168015138
1985                      3.9906667908168516
1986                      3.989162644579803
1987                      3.987659240518448
1988                      3.986156577712053
1989                      3.98465465524235
1990                      3.9831534721913795
1991                      3.981653027644258
1992                      3.9801533206860116
1993                      3.9786543504048124
1994                      3.977156115888629
1995                      3.9756586162283223
1996                      3.9741618505153684
1997                      3.9726658178433247
1998                      3.971170517306657
1999                      3.969675948002115
2000                      3.968182109027234
