% Model:              frequency_response_and_eigenfrequencies_undamped.mph
% Version:            COMSOL 5.2.0.220
% Date:               Dec 14 2018, 02:20
% Dimension:          1
% Nodes:              2001
% Expressions:        1
% Description:        Point graph
% x                       Height
0                         4.74032041283202E-5
1                         4.807585066614154E-5
2                         5.0208123421266E-5
3                         5.4195207228729895E-5
4                         6.091946383965013E-5
5                         7.235023208755945E-5
6                         9.354311319917384E-5
7                         1.419672636322966E-4
8                         3.4369077478624884E-4
9                         5.947407578128923E-4
10                        1.4939201905557665E-4
11                        8.272585265684044E-5
12                        5.611453767345567E-5
13                        4.194005711901951E-5
14                        3.32177881174592E-5
15                        2.7362469020881662E-5
16                        2.3196655474602177E-5
17                        2.0104542711012682E-5
18                        1.832323400533621E-5
19                        1.5957726735273376E-5
20                        1.4503370469670805E-5
21                        1.3349852644169818E-5
22                        1.2432824830579964E-5
23                        1.1711085372624904E-5
24                        1.1158680545603793E-5
25                        1.076199393356382E-5
26                        1.0519198257666874E-5
27                        1.0441283914989741E-5
28                        1.054855127648908E-5
29                        1.0698478930790132E-5
30                        1.256459774742789E-5
31                        1.4437131938280177E-5
32                        1.965456813358144E-5
33                        4.5336710944985026E-5
34                        4.2333510536226775E-5
35                        9.986610011495275E-6
36                        4.10151497797917E-6
37                        1.7017464724412925E-6
38                        4.3061738388964067E-7
39                        3.403427594225969E-7
40                        8.500781085874593E-7
41                        1.2104223233587518E-6
42                        1.4880765502608974E-6
43                        4.31716604223659E-6
44                        1.7672127699897553E-6
45                        1.9140848477601737E-6
46                        2.028770126654492E-6
47                        2.1272398088336847E-6
48                        2.216215462920697E-6
49                        2.300504047744955E-6
50                        2.3860967972068785E-6
51                        2.528544574663628E-6
52                        2.5047284331865E-6
53                        2.6023849556476317E-6
54                        2.6955642825693424E-6
55                        2.7946963686894794E-6
56                        2.9044493054423715E-6
57                        3.0325238458357523E-6
58                        3.2197193937481857E-6
59                        3.0900796403420236E-6
60                        3.3760399752829342E-6
61                        3.580040701387647E-6
62                        3.8015284318596362E-6
63                        4.05585091118511E-6
64                        4.354964101922754E-6
65                        4.713365103130363E-6
66                        5.151016056837537E-6
67                        5.6970758477228454E-6
68                        6.396094636223376E-6
69                        7.318583053504551E-6
70                        8.570774774220165E-6
71                        9.597396383174186E-6
72                        1.4147877836375617E-5
73                        2.0350525059763646E-5
74                        3.799244181611163E-5
75                        3.6505790173816635E-4
76                        4.673350956624146E-5
77                        2.1445319258380185E-5
78                        1.3855702296109788E-5
79                        1.016307979591606E-5
80                        7.982780142744458E-6
81                        6.544636678780835E-6
82                        5.525234097545149E-6
83                        4.76503386489867E-6
84                        4.17621066940849E-6
85                        3.706361650155994E-6
86                        3.3221781688105556E-6
87                        3.0013010632538165E-6
88                        2.7278468384902256E-6
89                        2.489568827035874E-6
90                        2.2752750650089973E-6
91                        2.0697168079842374E-6
92                        1.8272551164672427E-6
93                        4.610571713077263E-7
94                        2.033200791009625E-6
95                        1.7600266549775019E-6
96                        2.0088937586391515E-6
97                        1.556805084666047E-6
98                        1.4461912510470727E-6
99                        1.3485190676385067E-6
100                       1.244445914606702E-6
101                       1.0229294912482176E-6
102                       1.3425084946312072E-6
103                       1.1863038176294536E-6
104                       1.1078519827684297E-6
105                       1.0460347104538563E-6
106                       9.915623239829868E-7
107                       9.414255857233662E-7
108                       8.94143647523304E-7
109                       8.487252192660183E-7
110                       8.043086001101898E-7
111                       7.599455073429304E-7
112                       7.143371046683768E-7
113                       6.652850383296604E-7
114                       6.081157886204251E-7
115                       5.294178425526168E-7
116                       3.6264740421288827E-7
117                       4.482056785416969E-6
118                       8.150195535336554E-7
119                       6.431526372815356E-7
120                       5.586967775342689E-7
121                       4.929697897153005E-7
122                       4.315575142003024E-7
123                       3.6839128842293953E-7
124                       2.9913014108325327E-7
125                       2.190437397311147E-7
126                       1.2135944461455455E-7
127                       5.646480443974459E-9
128                       1.8699974128597535E-7
129                       5.032385768312491E-7
130                       1.6174258319700073E-6
131                       7.983433252249784E-7
132                       2.446698305105397E-6
133                       1.5662740475576434E-5
134                       6.207744754759726E-6
135                       3.0573610029266667E-6
136                       2.1845827115957033E-6
137                       1.7688842424728489E-6
138                       1.5215653820023748E-6
139                       1.3542075581461333E-6
140                       1.2347427165382847E-6
141                       1.0574499435127254E-6
142                       9.351398657778361E-7
143                       8.67346893432493E-9
144                       1.3240536462947284E-6
145                       1.1236369644305964E-6
146                       1.0461668745709057E-6
147                       9.972792923573317E-7
148                       9.60866366445919E-7
149                       9.315727622401907E-7
150                       9.06945610694296E-7
151                       8.856047788151634E-7
152                       8.666387324428949E-7
153                       8.493451975928791E-7
154                       8.330790275921428E-7
155                       8.171093224953718E-7
156                       8.003924169234403E-7
157                       7.810409484821818E-7
158                       7.546509516053979E-7
159                       7.06633960235677E-7
160                       5.345528890279778E-7
161                       1.3445979013995064E-6
162                       9.297202649361131E-7
163                       8.653912146557985E-7
164                       8.336051135410863E-7
165                       8.090234428276337E-7
166                       7.48816201586021E-7
167                       6.678523273463982E-7
168                       2.9278632400657454E-6
169                       8.456917246719062E-7
170                       8.018112067693891E-7
171                       6.791874357125366E-7
172                       4.1335054800518815E-6
173                       1.1034006558596724E-6
174                       1.0126415778430595E-6
175                       9.8619341012956E-7
176                       9.778029492363999E-7
177                       9.776784930891386E-7
178                       9.82483221657355E-7
179                       9.90792420520344E-7
180                       1.001922809098982E-6
181                       1.0155329722940202E-6
182                       1.0314591240957106E-6
183                       1.0496363106380702E-6
184                       1.0700526781885224E-6
185                       1.092713187068197E-6
186                       1.1175957456488806E-6
187                       1.1445761307251928E-6
188                       1.1732699339184782E-6
189                       1.2026473749103182E-6
190                       1.2299287036105804E-6
191                       1.2465395997983176E-6
192                       1.2141939974932801E-6
193                       2.3819336286611063E-6
194                       2.0661190478969894E-6
195                       1.837147131902698E-6
196                       1.8756159764872466E-6
197                       1.970235691210803E-6
198                       2.1022926978237538E-6
199                       2.272815238239496E-6
200                       2.4908768684798472E-6
201                       2.7731923696851282E-6
202                       3.144058994164538E-6
203                       3.5957846363518068E-6
204                       5.394513377129488E-6
205                       6.9148046994972546E-6
206                       3.0293682030905916E-6
207                       6.949033614995718E-6
208                       1.3519861247024166E-5
209                       6.979275468948885E-5
210                       2.318132511602786E-5
211                       9.954475386120288E-6
212                       6.314519022610126E-6
213                       4.604374633505922E-6
214                       3.609217547215251E-6
215                       2.9578748558567065E-6
216                       2.4985757847482138E-6
217                       2.1576560716407627E-6
218                       1.8950579850623751E-6
219                       1.687205418576009E-6
220                       1.5195311110892518E-6
221                       1.383627385800201E-6
222                       1.2882033016823511E-6
223                       1.1666621444280795E-6
224                       1.091735534158792E-6
225                       1.0339485653567201E-6
226                       1.0005770430243321E-6
227                       1.0211327966219992E-6
228                       1.375900081984224E-6
229                       1.428009828346278E-7
230                       4.809842067369843E-7
231                       5.213192440566644E-7
232                       5.216209587422576E-7
233                       5.115911749248686E-7
234                       5.002527471563726E-7
235                       4.936483104802378E-7
236                       5.040907237368914E-7
237                       6.144046466974385E-7
238                       2.6676275204800452E-8
239                       2.581522106102285E-7
240                       2.8222634069035114E-7
241                       2.797934121973809E-7
242                       2.6718253473782813E-7
243                       2.4224863930241546E-7
244                       1.458264811976479E-7
245                       5.310093990526436E-7
246                       1.0913516889669666E-7
247                       2.2287381447556604E-7
248                       2.2209836327164577E-7
249                       2.145756869605124E-7
250                       2.0620390926279546E-7
251                       1.9825232649123362E-7
252                       1.8267445690721273E-7
253                       1.954213202132949E-7
254                       5.681258513717217E-8
255                       7.388531170863436E-8
256                       1.2526485004836067E-7
257                       1.2797120138820763E-7
258                       1.2633129982307348E-7
259                       1.2448366231013384E-7
260                       1.2415960859221892E-7
261                       1.2723107993042075E-7
262                       1.372220297727078E-7
263                       1.6338390225557582E-7
264                       2.425386934626607E-7
265                       8.528760411057778E-7
266                       1.8993709118086681E-7
267                       1.5477092036783618E-7
268                       1.040779861021568E-7
269                       8.631778832897051E-8
270                       8.057317941663157E-8
271                       8.061822926950829E-8
272                       8.405276985426808E-8
273                       9.087128851139174E-8
274                       1.730548449295348E-7
275                       1.8650371833499102E-7
276                       1.348512374028092E-7
277                       1.3910788934423972E-7
278                       1.489960923085861E-7
279                       1.6125125378127893E-7
280                       1.7521634436067338E-7
281                       1.9077746673564254E-7
282                       2.080383728937041E-7
283                       2.2727239517090155E-7
284                       2.489912814665919E-7
285                       2.7421589780943323E-7
286                       2.6975179618408905E-7
287                       3.57487593452184E-7
288                       1.6249192350071978E-6
289                       3.845697459006566E-7
290                       1.0806237266462099E-7
291                       3.580382779759454E-7
292                       4.239160487433345E-7
293                       4.810293471669827E-7
294                       5.408265989870588E-7
295                       6.077023881189367E-7
296                       6.852574717009614E-7
297                       7.778264799905945E-7
298                       8.916832920924239E-7
299                       1.037165998254393E-6
300                       1.2342733500222607E-6
301                       1.534822047014839E-6
302                       2.223116595022157E-6
303                       4.463780824902894E-7
304                       2.121203312840762E-6
305                       4.999896218560484E-6
306                       3.693805824355551E-6
307                       1.3343408492528509E-5
308                       2.55615700857883E-5
309                       7.047833254069693E-6
310                       4.20338055148875E-6
311                       3.0491557266010695E-6
312                       2.4381585393352995E-6
313                       2.015492927841544E-6
314                       3.2645201339025826E-6
315                       1.4020690624138303E-6
316                       1.298677526532082E-6
317                       1.194298371824432E-6
318                       1.105089290885346E-6
319                       1.029986672053948E-6
320                       9.66711128069673E-7
321                       9.141824446191533E-7
322                       7.795482494028358E-7
323                       8.196901768238362E-7
324                       7.859420321548779E-7
325                       7.55721181898183E-7
326                       7.292297303666446E-7
327                       7.06261578327775E-7
328                       6.867115445253237E-7
329                       6.707250030659365E-7
330                       6.589376640233072E-7
331                       6.531465479869717E-7
332                       6.587896806138934E-7
333                       6.993889216506853E-7
334                       1.1779356661478373E-6
335                       3.4042939567599303E-7
336                       4.6562824932734406E-7
337                       4.827744115376293E-7
338                       4.890429070773608E-7
339                       4.909565332185366E-7
340                       4.914839209247068E-7
341                       4.921147060478296E-7
342                       4.939672406174985E-7
343                       4.983911461463526E-7
344                       5.077998608676133E-7
345                       5.280420938453074E-7
346                       5.791236461166344E-7
347                       8.325326849051347E-7
348                       1.0620017290894937E-7
349                       2.6152624309759293E-7
350                       3.228493958870285E-7
351                       3.7344045219221336E-7
352                       8.731984118593702E-9
353                       5.365332686739457E-7
354                       5.272776939170578E-7
355                       4.0526462282235263E-7
356                       4.0952942050500766E-7
357                       4.066553368185371E-7
358                       3.935671008427802E-7
359                       3.574742852312158E-7
360                       5.019104442175128E-8
361                       1.1177836570093991E-6
362                       1.0815783515320302E-6
363                       3.15757818609163E-6
364                       4.6224662172580927E-7
365                       4.5071275222125965E-8
366                       1.7835362366288387E-7
367                       2.3945943641891223E-7
368                       2.751160621504491E-7
369                       2.9933589488816223E-7
370                       3.178284499539615E-7
371                       3.3346685897261656E-7
372                       3.4802440602038767E-7
373                       3.629097631480928E-7
374                       3.796416463181413E-7
375                       4.0042692158912734E-7
376                       4.293817057397817E-7
377                       4.7621107026008005E-7
378                       5.721442019398913E-7
379                       9.077035738363303E-7
380                       1.868025403936907E-6
381                       7.970891578233826E-8
382                       8.672494083418478E-8
383                       1.317824217816622E-7
384                       7.026072323659879E-8
385                       5.024146482960357E-7
386                       3.3546561961457133E-7
387                       3.149699039676346E-7
388                       3.0609095063882E-7
389                       2.9438147068116045E-7
390                       2.670927325067021E-7
391                       1.7469179957342463E-7
392                       8.812202784595864E-6
393                       6.210465116571162E-7
394                       4.517886399365687E-7
395                       4.7546962229861317E-7
396                       4.7171489931890204E-7
397                       4.743512054859725E-7
398                       4.962062225289895E-7
399                       4.582454468988961E-7
400                       4.766321167811958E-7
401                       6.22147041951665E-7
402                       2.191717342904504E-7
403                       4.5970101152427685E-7
404                       1.1422656198254126E-6
405                       8.488955336812535E-7
406                       8.050143965074822E-7
407                       8.094745857395483E-7
408                       8.357239141312191E-7
409                       8.777180425763318E-7
410                       9.352938327654942E-7
411                       1.0116919264840608E-6
412                       1.1141204194407349E-6
413                       1.2570259644993816E-6
414                       1.4720916642176128E-6
415                       1.8446948667261924E-6
416                       2.7203282978590867E-6
417                       9.297504132572928E-6
418                       2.137980392368227E-6
419                       5.719651123603088E-8
420                       8.805787482427792E-7
421                       1.1699913309861656E-6
422                       1.969537445148604E-6
423                       3.4185718742491213E-6
424                       8.420497344589447E-6
425                       2.7284260018810585E-5
426                       5.488132989830145E-6
427                       3.121930121392283E-6
428                       2.2425927653921155E-6
429                       1.9615764580845677E-6
430                       6.396551396500837E-7
431                       7.613795993662275E-7
432                       1.6033147230694015E-6
433                       9.105468364167858E-7
434                       7.75522955473695E-7
435                       6.880320811395414E-7
436                       6.193783289499235E-7
437                       5.565380718024549E-7
438                       4.436474569005676E-7
439                       6.481265557925219E-7
440                       5.780047478511641E-7
441                       3.59788811528621E-7
442                       5.097965991459668E-7
443                       2.348700805427168E-6
444                       2.784575618907734E-7
445                       1.3849385056026143E-7
446                       1.9806831432133283E-7
447                       2.178249900532026E-7
448                       2.2641966949719992E-7
449                       2.3185354991075985E-7
450                       2.3785282957260194E-7
451                       2.4740527347266246E-7
452                       2.6469154494749366E-7
453                       2.9856931093915746E-7
454                       3.759803285343255E-7
455                       6.473083756015839E-7
456                       2.9847854165176056E-6
457                       4.057888269147997E-7
458                       1.1505126118366108E-7
459                       4.7355527344344644E-8
460                       1.6129930091182753E-8
461                       7.890848970727509E-10
462                       1.0654117913324684E-8
463                       1.657902481972192E-8
464                       2.0129400045662226E-8
465                       2.218290954747296E-8
466                       2.3275104004053352E-8
467                       2.3758484893559298E-8
468                       2.388422795777118E-8
469                       2.3849199724090206E-8
470                       2.3827429629505662E-8
471                       2.3996570548291926E-8
472                       2.456775315580661E-8
473                       2.5830064921367464E-8
474                       2.8232120112953014E-8
475                       3.255799506122761E-8
476                       4.0377063753060904E-8
477                       5.552058868052664E-8
478                       9.26151653354944E-8
479                       8.321340659258361E-8
480                       6.661929456191068E-7
481                       3.62893136932644E-7
482                       1.8112452519646289E-7
483                       1.4718681044413546E-7
484                       1.958694884088045E-7
485                       1.2362852194072138E-8
486                       8.641690720500691E-8
487                       2.17735564684852E-7
488                       2.4891996797044683E-7
489                       1.2099785013095963E-7
490                       1.0738463854030699E-7
491                       8.751955303076082E-8
492                       1.0978774477991963E-8
493                       4.160913722818459E-6
494                       7.279294571740471E-7
495                       6.644888412428346E-7
496                       4.500264600277635E-6
497                       6.36380456705161E-7
498                       7.331473948813041E-7
499                       1.5726231700137593E-7
500                       9.587184537784744E-8
501                       6.170395509288223E-8
502                       3.964573045147974E-8
503                       2.417504305050305E-8
504                       1.2736766159994836E-8
505                       4.0007872810270755E-9
506                       2.7664047505184182E-9
507                       7.9634555405553E-9
508                       1.1764884261971147E-8
509                       1.414952501292993E-8
510                       1.4853020093009828E-8
511                       1.3183864679243563E-8
512                       7.448454309718055E-9
513                       7.219313665604459E-9
514                       5.183459689014106E-8
515                       5.542219928455519E-7
516                       2.121177075126103E-7
517                       1.2324199298539288E-7
518                       9.433118329979588E-8
519                       7.21776732596957E-8
520                       3.599811895562602E-8
521                       1.2518135303052243E-7
522                       3.8951547971034943E-7
523                       2.08833173938699E-7
524                       1.7579813134844825E-7
525                       1.6317358300211575E-7
526                       1.5724464651917232E-7
527                       1.5413407598772872E-7
528                       1.5209779941647774E-7
529                       1.4984782323976816E-7
530                       1.4563851343860648E-7
531                       1.3532774050892933E-7
532                       9.649170440860287E-8
533                       9.14721717138194E-8
534                       3.552144416592364E-7
535                       2.545982445105681E-7
536                       2.83673435509876E-7
537                       2.6222936260597325E-7
538                       2.619242504064927E-7
539                       2.6616316480751424E-7
540                       2.721269157686346E-7
541                       2.7708441817819035E-7
542                       2.7195413387656476E-7
543                       1.563955509852106E-7
544                       5.291861003953466E-7
545                       4.837258996497055E-7
546                       5.299977882822654E-7
547                       6.271843631700106E-7
548                       1.0133686435779803E-6
549                       2.4506157971251223E-6
550                       2.517276209715777E-6
551                       4.617386619849837E-6
552                       3.5298842524863365E-7
553                       1.275954100027247E-6
554                       1.4030677632882646E-6
555                       7.372436497130291E-7
556                       6.492340460146102E-7
557                       6.619997219847248E-7
558                       7.336625778089703E-7
559                       9.014093573215537E-7
560                       1.5346135975623384E-6
561                       1.203552119106128E-6
562                       1.6881920433785973E-7
563                       4.277063875808327E-7
564                       5.688393234217395E-7
565                       5.898913055367008E-7
566                       1.4737895844209314E-6
567                       1.4299825974020856E-6
568                       1.8165390021764064E-6
569                       2.6475104984035157E-6
570                       5.319199261149554E-6
571                       3.149815746792998E-5
572                       3.0796607186980724E-6
573                       1.143622503354459E-6
574                       2.0716630252570954E-7
575                       7.151987692512304E-7
576                       2.6248734103241573E-6
577                       5.516745248682711E-5
578                       4.72814227978256E-6
579                       2.565634043520549E-6
580                       1.866423218101939E-6
581                       1.3733647411208264E-6
582                       1.3921336879922302E-6
583                       1.058749395044283E-6
584                       9.41526112114843E-7
585                       8.515364606819774E-7
586                       8.001816492352614E-7
587                       7.132057857021044E-7
588                       6.643651499482872E-7
589                       6.212550081691383E-7
590                       5.818295987800115E-7
591                       5.361981958883531E-7
592                       5.920745173761429E-7
593                       5.245269047366717E-7
594                       4.990343993384306E-7
595                       4.7182600161870866E-7
596                       4.5807125388275245E-7
597                       4.4366809724448863E-7
598                       4.311246071399083E-7
599                       4.204911631682428E-7
600                       4.118078442423726E-7
601                       4.052275051666229E-7
602                       4.010912665287184E-7
603                       4.000669442770985E-7
604                       4.034615105503562E-7
605                       4.1402968401166044E-7
606                       4.3852512468975946E-7
607                       4.988966117212226E-7
608                       7.320663680632789E-7
609                       9.410716559889507E-7
610                       8.223870583797696E-8
611                       2.1973462541142462E-7
612                       3.508574204959581E-7
613                       1.248842328105667E-6
614                       6.183845164372222E-7
615                       4.7317571854178915E-7
616                       1.7901971447683187E-7
617                       1.3272500121053557E-7
618                       3.91279301877025E-8
619                       4.785527013237933E-7
620                       2.562202911486788E-7
621                       2.0636734744417492E-7
622                       3.063171477396853E-7
623                       2.3345565138783344E-7
624                       2.2117570874460927E-7
625                       2.1499761148645742E-7
626                       2.1113074602703615E-7
627                       2.0860397192268403E-7
628                       2.0715146376965608E-7
629                       2.0690884255053086E-7
630                       2.0865104610793356E-7
631                       2.1559212443871975E-7
632                       2.617430718417778E-7
633                       2.211364093066282E-7
634                       1.6615095671172705E-7
635                       1.7734509295609637E-7
636                       1.819979734989171E-7
637                       1.854085670592935E-7
638                       1.8901580198534898E-7
639                       1.9374091275978375E-7
640                       2.0064313229669026E-7
641                       2.1100128931773348E-7
642                       2.1340606739231115E-7
643                       3.344585247934303E-7
644                       6.371435012069646E-7
645                       5.393086220991028E-7
646                       8.779779609620753E-8
647                       2.1254424820188854E-8
648                       1.3494828897868694E-8
649                       7.992735153822281E-8
650                       1.8005539982119563E-7
651                       1.674513296010126E-7
652                       3.168553805226869E-7
653                       5.400605113041206E-7
654                       1.1532520689385045E-8
655                       2.431275583811995E-6
656                       5.512434734772466E-7
657                       2.511407359997217E-7
658                       2.2729726562000682E-7
659                       2.1303569451833546E-7
660                       2.0419149873603189E-7
661                       1.9837888217046517E-7
662                       1.944433706237374E-7
663                       1.9177693859346225E-7
664                       1.9003576438806776E-7
665                       1.8901677854516186E-7
666                       1.8859891966243083E-7
667                       1.8871339686423646E-7
668                       1.8932832315352689E-7
669                       1.904413544255204E-7
670                       1.9207762999441005E-7
671                       1.942923052049076E-7
672                       1.9717862809790253E-7
673                       2.00884989864925E-7
674                       2.0565009144679781E-7
675                       2.118828406304749E-7
676                       2.203850783582742E-7
677                       2.332732562924051E-7
678                       2.6443836693959666E-7
679                       2.3089956958096882E-7
680                       2.880375131332003E-7
681                       4.7669431819394747E-7
682                       1.4752802214140841E-7
683                       2.9432949101047967E-7
684                       5.076746642730275E-7
685                       3.2512945567276956E-6
686                       1.0778950635829342E-7
687                       6.464043487746157E-8
688                       8.111507437769698E-8
689                       7.216299711897348E-8
690                       1.9320634473675965E-9
691                       2.17280047499704E-7
692                       3.565726421700236E-7
693                       2.432243656414038E-6
694                       2.52228656571314E-7
695                       4.660698328202723E-8
696                       3.534593607708951E-8
697                       1.628104768464044E-7
698                       1.018896865506891E-7
699                       7.706561725701145E-9
700                       3.7992959368864636E-8
701                       5.5425738951267285E-8
702                       6.801155045132933E-8
703                       7.823208367147819E-8
704                       8.723173781967129E-8
705                       9.570964913067852E-8
706                       1.0422671655797017E-7
707                       1.1338260257472598E-7
708                       1.2402087209380155E-7
709                       1.376571828083549E-7
710                       1.5778487870826684E-7
711                       1.958263608938137E-7
712                       3.3771959074293776E-7
713                       4.318779256038863E-7
714                       4.1077367266160105E-8
715                       1.7016170882720267E-7
716                       4.850804026890346E-8
717                       1.1498431529359864E-7
718                       1.6447666783821727E-7
719                       2.413971668395954E-7
720                       4.443206141111201E-7
721                       5.1547540859863245E-6
722                       4.6416476820446876E-7
723                       2.0081549816246698E-7
724                       1.0809476172069961E-7
725                       1.162480523123143E-8
726                       7.317771444924385E-7
727                       2.2721961851802363E-7
728                       2.0870587118353147E-7
729                       2.3528198556451003E-7
730                       3.0135378986310536E-7
731                       4.3742285958736166E-7
732                       7.654204403839949E-7
733                       2.239826390512531E-6
734                       3.632657686801302E-6
735                       1.1576687925549531E-6
736                       7.498149978760951E-7
737                       5.876619521620592E-7
738                       5.04181925386874E-7
739                       4.563023675983138E-7
740                       4.2856832105346184E-7
741                       4.1617053450706376E-7
742                       4.292228054365714E-7
743                       1.30070143017866E-6
744                       2.4319971064162615E-7
745                       2.2420907274815817E-7
746                       9.425522138492417E-7
747                       2.4473385500012436E-6
748                       1.1034327813618926E-6
749                       7.486774072918731E-7
750                       7.28478883797098E-7
751                       7.608360320490714E-7
752                       8.275979279353227E-7
753                       9.323668347837511E-7
754                       1.0917616947844762E-6
755                       1.3439959400376744E-6
756                       1.7826547460812684E-6
757                       2.699384938226475E-6
758                       5.660744210505967E-6
759                       6.572318099929073E-5
760                       5.0577804413730475E-6
761                       2.7856382078703804E-6
762                       2.094507715112865E-6
763                       1.9747353039810037E-6
764                       3.048765724317469E-6
765                       6.941983571876748E-6
766                       1.5101425894919404E-6
767                       1.255644999438978E-6
768                       1.222577392941202E-6
769                       1.8246038545137654E-6
770                       7.96691531346857E-6
771                       2.819771074121195E-6
772                       1.3513988898768457E-6
773                       1.2355831728437776E-6
774                       3.2970056762610003E-6
775                       9.121819702631722E-7
776                       2.1795754689644072E-7
777                       2.1198459096203328E-7
778                       2.7972976311570144E-7
779                       2.2377785550256803E-7
780                       4.2623813930651724E-8
781                       1.33832510951177E-7
782                       3.1189155014250766E-7
783                       6.703104248324603E-8
784                       2.2531097251783862E-8
785                       3.253759275554216E-9
786                       2.451310648168928E-8
787                       4.5513627656713475E-8
788                       6.884563149194283E-8
789                       9.730518687960374E-8
790                       1.3527713841880374E-7
791                       1.914560655847935E-7
792                       2.873173025397495E-7
793                       4.962249370328187E-7
794                       1.3461635136349408E-6
795                       2.579754768349448E-6
796                       7.101506492016115E-7
797                       4.275756018828818E-7
798                       3.1332429946626864E-7
799                       2.5170818151634063E-7
800                       2.134865178838192E-7
801                       1.8787285615496408E-7
802                       1.7001686848721351E-7
803                       1.574927753651715E-7
804                       1.4907224431908023E-7
805                       1.442767661064823E-7
806                       1.4333578811125265E-7
807                       1.4768335010497008E-7
808                       1.6243713134609847E-7
809                       2.1557900120720742E-7
810                       8.739858174808608E-7
811                       4.163815973290794E-8
812                       9.406087508357119E-8
813                       1.3060960675480557E-7
814                       1.8122258167626504E-7
815                       2.879403189425615E-7
816                       7.229991992436038E-7
817                       1.407642274550821E-6
818                       3.8020361222340124E-7
819                       2.493136129336902E-7
820                       2.386455485345563E-7
821                       4.5065904297202256E-7
822                       5.317791320702909E-7
823                       2.73362713079233E-7
824                       8.061569986436173E-7
825                       1.1645330739127572E-7
826                       6.93104062090374E-8
827                       5.483758434474979E-8
828                       4.9023317334662764E-8
829                       4.70247813628698E-8
830                       4.751423627450288E-8
831                       5.038070629706661E-8
832                       5.648108665262422E-8
833                       6.894658046687543E-8
834                       9.165236967040847E-8
835                       1.8466739279549614E-7
836                       4.4049551350859096E-7
837                       4.255210962222829E-8
838                       5.458896791781348E-8
839                       1.394786893874645E-6
840                       3.044926853245067E-7
841                       6.554272326067199E-7
842                       1.0699720128381688E-7
843                       1.672412004858228E-8
844                       5.839812268958872E-9
845                       1.1798298297388053E-8
846                       2.887585637213439E-7
847                       4.2741840662222303E-7
848                       4.4741465543543074E-7
849                       1.4183745011528586E-7
850                       7.231400224140765E-8
851                       5.2617247293943796E-8
852                       3.7268997553723235E-8
853                       2.0133094572412874E-8
854                       2.4791937359599524E-8
855                       1.8629144445821428E-7
856                       7.070181917996979E-8
857                       5.242649487001157E-8
858                       4.332029221864625E-8
859                       3.674727706100291E-8
860                       3.08458677503243E-8
861                       2.465593373810203E-8
862                       1.7326822902429524E-8
863                       7.703556016447725E-9
864                       6.284458300577018E-9
865                       2.924436657639655E-8
866                       7.447646859514606E-8
867                       2.0356036078760624E-7
868                       2.841625407524933E-6
869                       4.1954396509713974E-7
870                       2.474902893107398E-7
871                       2.0738349341757622E-7
872                       2.304619582708731E-7
873                       1.8754011483610031E-6
874                       6.640938349704914E-9
875                       6.750262621998936E-9
876                       1.231883884793908E-7
877                       2.5797825780830847E-7
878                       1.51235413259977E-7
879                       1.2956520788551854E-7
880                       1.1897469599975314E-7
881                       8.980263446118053E-8
882                       1.557370943065646E-7
883                       1.5115773296895208E-7
884                       1.6866559761042925E-7
885                       2.259088760224586E-7
886                       7.675914697328237E-7
887                       1.673504375144346E-7
888                       4.487743455220555E-8
889                       4.1822114607230765E-8
890                       1.8999135947143414E-7
891                       3.828582733103475E-7
892                       1.8559385043958014E-7
893                       1.5548914089447857E-7
894                       1.4768095037750865E-7
895                       1.4806055313947963E-7
896                       1.539898705270482E-7
897                       1.6709937153040846E-7
898                       1.9874185070806513E-7
899                       4.319067051532255E-7
900                       4.6396643485533987E-8
901                       1.2368486410722545E-7
902                       1.6562068006027918E-7
903                       2.2490295795411553E-7
904                       3.9376751169887114E-7
905                       3.5450876477877376E-6
906                       2.0112265092910813E-7
907                       8.786553524638082E-8
908                       1.1270605667448569E-7
909                       8.215386669948009E-7
910                       1.9305309006626062E-7
911                       1.822205079168607E-7
912                       3.389645419223857E-7
913                       2.4213164732841646E-9
914                       7.407735416481314E-8
915                       9.29144459372593E-8
916                       9.872695540975054E-8
917                       8.221656146167395E-8
918                       4.6452832721666077E-7
919                       3.267627849058353E-7
920                       3.8502406761942315E-7
921                       3.983083767330729E-6
922                       1.166984684262569E-9
923                       9.572547655561082E-8
924                       4.8829421928944255E-8
925                       5.63027131313276E-7
926                       4.3201885979226895E-7
927                       5.6734104503083146E-8
928                       1.4180191389877813E-7
929                       2.1219069437907999E-7
930                       3.465715824456442E-7
931                       1.4922992498690927E-6
932                       3.409018448775315E-7
933                       9.191278272265782E-8
934                       2.6436567860075694E-8
935                       7.975581833380781E-9
936                       3.553691057117454E-8
937                       3.008408111064187E-7
938                       5.983694254215162E-7
939                       3.2916381395375527E-7
940                       2.9731446696736516E-7
941                       3.0546584956519224E-7
942                       3.4087373211622223E-7
943                       4.380115728984117E-7
944                       1.7349388906111448E-6
945                       4.698010987981149E-8
946                       2.1681640086897144E-7
947                       2.335158539068232E-7
948                       4.992404650348186E-7
949                       2.4952422475197745E-6
950                       1.4539762027091103E-8
951                       1.4162339387619284E-7
952                       1.3770666531744125E-7
953                       1.2724917322089291E-6
954                       5.849884624782664E-7
955                       6.3996083394285E-7
956                       7.865606344379026E-7
957                       1.0833820266890362E-6
958                       1.913753246323485E-6
959                       2.1198497865434296E-5
960                       1.7978978876411756E-6
961                       7.039966718909113E-7
962                       4.4341772550842326E-7
963                       2.2698099877589465E-7
964                       1.605956253553935E-7
965                       3.062241471658294E-7
966                       1.851620244570429E-5
967                       1.2520540611505304E-6
968                       1.1646899901133552E-6
969                       1.408122314871215E-6
970                       1.9631418182700288E-6
971                       3.328629678765767E-6
972                       1.051992111347775E-5
973                       7.818600913898069E-6
974                       4.030850254915785E-6
975                       2.341785666717171E-6
976                       1.7046393992767786E-6
977                       1.3644223392543238E-6
978                       1.154802695065066E-6
979                       1.01579893729087E-6
980                       9.209663744322557E-7
981                       8.579425500781657E-7
982                       8.223774031250477E-7
983                       8.17713049334913E-7
984                       8.633900590087062E-7
985                       1.044913007414306E-6
986                       2.3273047022781636E-6
987                       7.606519771374526E-7
988                       2.0406642861528666E-8
989                       1.3563944932288001E-7
990                       1.9629667249206743E-7
991                       2.2508796272988843E-7
992                       2.3999519225540103E-7
993                       2.4799258540381326E-7
994                       2.5227334999575816E-7
995                       2.542196200103494E-7
996                       2.5158603012526044E-7
997                       2.779144061579906E-7
998                       2.7379401587681603E-7
999                       2.8393089367857237E-7
1000                      3.16299030332898E-7
1001                      6.450472647264814E-7
1002                      2.758665594461781E-7
1003                      8.62323419656953E-7
1004                      6.782717909933684E-8
1005                      1.4661922106427194E-7
1006                      1.7088551673531386E-7
1007                      1.831986356169726E-7
1008                      1.9516180325639964E-7
1009                      1.998480294080326E-7
1010                      1.9654793551881061E-7
1011                      2.197680361644492E-7
1012                      2.3160516189060082E-7
1013                      2.5230221206520426E-7
1014                      3.0367764169410443E-7
1015                      3.63164867798368E-7
1016                      2.201106235768946E-7
1017                      3.1483799210614244E-7
1018                      5.829282991200849E-7
1019                      4.0259638230598607E-7
1020                      1.5773300286629274E-7
1021                      4.384259072052922E-6
1022                      5.1757193480975965E-9
1023                      4.700442960949091E-8
1024                      1.526289116001576E-8
1025                      4.4175255341041374E-8
1026                      6.264209357186128E-8
1027                      7.730089222610936E-8
1028                      2.1951567497534878E-7
1029                      8.413793134633251E-8
1030                      3.1253292735801384E-8
1031                      1.927637986641989E-7
1032                      6.206727112926161E-8
1033                      1.009411031464096E-7
1034                      1.1743360104350838E-7
1035                      1.3458281880994551E-7
1036                      1.6078225409612592E-7
1037                      2.1892753662668606E-7
1038                      5.395670624071165E-7
1039                      2.5208522236488417E-7
1040                      3.6245117967845004E-8
1041                      1.2791520811609636E-8
1042                      3.711153875379361E-8
1043                      2.3670118806283553E-8
1044                      4.1391475832537135E-8
1045                      3.909278200760768E-8
1046                      5.684928467711755E-9
1047                      2.493588220405468E-7
1048                      1.1769941053053049E-7
1049                      1.0343971577534081E-7
1050                      9.821506415288052E-8
1051                      9.447876132305587E-8
1052                      8.93582113593648E-8
1053                      7.923047225884905E-8
1054                      5.3992367477065684E-8
1055                      4.3442105514803944E-8
1056                      1.240461232490878E-6
1057                      3.102589989941647E-7
1058                      2.562042638723001E-7
1059                      2.469511838284243E-7
1060                      2.5323467431395754E-7
1061                      2.699781048238185E-7
1062                      2.9767814754551564E-7
1063                      3.4050986369769696E-7
1064                      4.0853269997079115E-7
1065                      5.266907166274142E-7
1066                      7.733690810220853E-7
1067                      1.5783361601427842E-6
1068                      1.2969568116036808E-5
1069                      1.1972187750814875E-6
1070                      6.116660278310827E-7
1071                      4.0551629563352734E-7
1072                      3.018832869193527E-7
1073                      2.4101449751690246E-7
1074                      2.0257540302871847E-7
1075                      1.781104022990932E-7
1076                      1.641225535700237E-7
1077                      1.6032958627171535E-7
1078                      1.7104414031681265E-7
1079                      2.1640324306426697E-7
1080                      4.7631648337388576E-7
1081                      4.023675039513851E-7
1082                      9.389506171397636E-8
1083                      3.762395780226031E-8
1084                      1.3844436819649998E-8
1085                      1.6239886814905247E-9
1086                      2.3944929281515014E-8
1087                      3.5611071332809105E-8
1088                      1.31737293332562E-7
1089                      2.883490795913793E-7
1090                      1.1343359901132084E-7
1091                      1.683694014315872E-7
1092                      8.79446069392871E-8
1093                      2.068016705216093E-8
1094                      2.6059119777918622E-8
1095                      3.940990890177731E-7
1096                      6.061979293204993E-7
1097                      6.696293268514917E-7
1098                      2.6803467992926564E-7
1099                      1.1286289618593522E-7
1100                      1.6241950584760583E-7
1101                      2.3319438029640758E-7
1102                      5.396180376337554E-6
1103                      1.3013829161552468E-7
1104                      1.0664145680786533E-7
1105                      4.5376014138157405E-6
1106                      1.527707265038232E-7
1107                      2.2396477470737734E-7
1108                      6.602464684223797E-8
1109                      8.446688490212394E-8
1110                      1.076285717583122E-7
1111                      1.7399342639757683E-7
1112                      2.0430948455267217E-6
1113                      1.663462656152892E-7
1114                      1.7758504776166854E-7
1115                      1.3816507474750266E-7
1116                      6.721777641710023E-8
1117                      6.396679904625473E-8
1118                      7.683400850431282E-8
1119                      1.4417838520662263E-7
1120                      9.548948363751368E-8
1121                      2.153949683947448E-10
1122                      1.864976271142429E-8
1123                      2.742754229395224E-8
1124                      3.321192339639618E-8
1125                      3.779717181318216E-8
1126                      4.190967371548038E-8
1127                      4.594849035428755E-8
1128                      5.0212444315961516E-8
1129                      5.500714854477637E-8
1130                      6.073785478113722E-8
1131                      6.805562373347409E-8
1132                      7.818516064087464E-8
1133                      9.385897427036869E-8
1134                      1.228496066150692E-7
1135                      1.9999332933390485E-7
1136                      1.3197063909264098E-6
1137                      1.763766052804688E-7
1138                      5.7399353198332976E-8
1139                      2.0356327677062458E-8
1140                      1.3250186712437084E-9
1141                      1.0988416572495006E-8
1142                      2.0200968338429546E-8
1143                      2.7855641401605124E-8
1144                      3.472255763127915E-8
1145                      4.1097623670213295E-8
1146                      4.5997813266438326E-8
1147                      7.848296873687251E-9
1148                      9.108851710067056E-8
1149                      1.1034362657627985E-7
1150                      1.7535535219659577E-7
1151                      7.72042750548692E-6
1152                      6.768637896197394E-8
1153                      4.337835073802739E-9
1154                      3.436012539431002E-8
1155                      5.570596760664571E-8
1156                      7.561033733285853E-8
1157                      9.699081325897295E-8
1158                      1.1479637950658235E-7
1159                      1.9875600876566443E-7
1160                      2.6367592814556906E-7
1161                      4.2626926020404476E-7
1162                      1.0479130377801137E-6
1163                      2.7397721931242943E-6
1164                      6.211395042463072E-7
1165                      3.602546862326436E-7
1166                      2.597426772708739E-7
1167                      2.0810562861116738E-7
1168                      1.791415754384642E-7
1169                      1.6604144096118454E-7
1170                      1.8324790447356534E-7
1171                      5.5201138281629703E-8
1172                      7.630705644654127E-8
1173                      8.96853111207341E-8
1174                      1.0032413901834818E-7
1175                      1.236790203735052E-7
1176                      2.2036952541680014E-7
1177                      4.681210005354507E-7
1178                      7.18714633600414E-8
1179                      3.272696143197078E-8
1180                      2.3410205770407288E-8
1181                      2.5025511742147264E-8
1182                      3.472471276400316E-8
1183                      5.481339328126762E-8
1184                      9.459192366846324E-8
1185                      1.877795945670784E-7
1186                      5.680902796064985E-7
1187                      1.5018381597023061E-6
1188                      4.351539561615656E-7
1189                      2.989037222165453E-7
1190                      2.553507581308558E-7
1191                      2.526342299044241E-7
1192                      8.612198234052141E-7
1193                      7.685192832280252E-8
1194                      2.23408721986581E-7
1195                      2.918856626583948E-7
1196                      1.7217964368731192E-9
1197                      2.3274187476862403E-7
1198                      3.50252292324211E-7
1199                      6.308384701983052E-7
1200                      1.5027639407069477E-5
1201                      4.215436354677921E-7
1202                      5.711943058510406E-8
1203                      5.23207191753176E-7
1204                      9.213561104276996E-6
1205                      4.1164675902910485E-7
1206                      2.41747401837857E-7
1207                      1.8283785070664372E-7
1208                      1.6381203488341436E-7
1209                      1.8914358080240802E-7
1210                      4.182318299209843E-7
1211                      7.009377445050098E-7
1212                      2.6943202358248437E-7
1213                      2.6225906446871416E-7
1214                      3.8989777047815113E-7
1215                      1.6283419585565929E-6
1216                      4.899030301779966E-7
1217                      1.4743546421608108E-7
1218                      2.7380139284247593E-8
1219                      7.285135865130956E-8
1220                      2.2509532516122354E-7
1221                      6.872475748401822E-7
1222                      4.044513050671533E-6
1223                      6.979173320152694E-7
1224                      4.2802341694892306E-7
1225                      3.273341166793009E-7
1226                      2.749416945264126E-7
1227                      2.4331917763652347E-7
1228                      2.2274038795381566E-7
1229                      2.0890403221301813E-7
1230                      1.9963848101812783E-7
1231                      1.9376270043758242E-7
1232                      1.90623811596542E-7
1233                      1.898923258263015E-7
1234                      1.9147455689574668E-7
1235                      1.954936861736701E-7
1236                      2.0233300473403497E-7
1237                      2.1277371510191876E-7
1238                      2.283411445932803E-7
1239                      2.522390251591218E-7
1240                      2.9241853940776866E-7
1241                      3.7598355460940557E-7
1242                      7.038777033497315E-7
1243                      5.980313553563687E-7
1244                      1.0174005957541718E-8
1245                      1.430239802865676E-7
1246                      8.482079581041219E-8
1247                      2.766855275170938E-7
1248                      4.117312466788724E-7
1249                      6.976936829196556E-7
1250                      2.4907445414735743E-6
1251                      1.1135202366442276E-6
1252                      3.1101111932026264E-7
1253                      6.422187833387323E-8
1254                      1.1353582670008973E-7
1255                      3.280218783115736E-7
1256                      7.339772500845831E-7
1257                      2.305474062331105E-6
1258                      5.084616118753713E-6
1259                      1.5062995553460268E-6
1260                      9.650751529085315E-7
1261                      1.160540429304922E-6
1262                      7.835545632658888E-7
1263                      7.425412184732006E-7
1264                      7.721587278520737E-7
1265                      9.238857231391647E-7
1266                      2.8907145313410557E-6
1267                      8.193497538734117E-7
1268                      6.350740679853987E-7
1269                      1.266937438422808E-6
1270                      1.2120262636245753E-5
1271                      9.72263918230577E-7
1272                      1.5600596469051803E-6
1273                      9.98945594832714E-7
1274                      4.973106747158279E-7
1275                      3.201643963406466E-7
1276                      2.1733770656398456E-7
1277                      1.3816194600165063E-7
1278                      4.9205261265565254E-8
1279                      1.8393944040598405E-7
1280                      7.502811878981118E-7
1281                      2.766586909071686E-7
1282                      1.9481492759827987E-7
1283                      1.5640046920543895E-7
1284                      1.3265692266753132E-7
1285                      1.1607259416551739E-7
1286                      1.037546522237827E-7
1287                      9.435243092756689E-8
1288                      8.719219740716134E-8
1289                      8.198550359689391E-8
1290                      7.875063475043444E-8
1291                      7.787136225818898E-8
1292                      8.034855927151783E-8
1293                      8.851996411182271E-8
1294                      1.0833132481394283E-7
1295                      1.587584137410657E-7
1296                      3.4166288351623E-7
1297                      6.3078978297078E-6
1298                      4.3245664685234867E-7
1299                      3.0214910938574885E-7
1300                      3.0104478639276616E-7
1301                      3.734841143323112E-7
1302                      5.963356853439925E-7
1303                      1.8905724306969579E-6
1304                      1.5582383907167774E-6
1305                      5.648386026953569E-7
1306                      3.52824119962597E-7
1307                      2.593516547517397E-7
1308                      1.9963675190262046E-7
1309                      9.13752789356244E-8
1310                      2.5285195036138684E-7
1311                      2.0695080945990787E-7
1312                      1.2666270661703615E-7
1313                      1.6801601159454158E-7
1314                      1.7292578356067252E-7
1315                      1.8269836978707802E-7
1316                      2.019565994982405E-7
1317                      2.395151847702583E-7
1318                      3.2255686482765707E-7
1319                      5.96324420335734E-7
1320                      6.722227990113411E-6
1321                      4.124086680117322E-7
1322                      1.9365699161828973E-7
1323                      1.2103413736387825E-7
1324                      8.87978311438293E-8
1325                      7.980678488539534E-8
1326                      1.8558780672796144E-7
1327                      1.5770221819422065E-8
1328                      3.324034420816932E-9
1329                      5.984531893173086E-9
1330                      6.3221428461624985E-9
1331                      6.399897189556846E-9
1332                      6.820217442745158E-9
1333                      7.96007251705963E-9
1334                      1.0490499375955724E-8
1335                      1.700543370769494E-8
1336                      7.061410463597026E-8
1337                      1.5450824774740502E-8
1338                      1.8888773280719413E-10
1339                      7.840361869678544E-9
1340                      2.093055355580116E-8
1341                      8.91698703077691E-6
1342                      1.2295787656733137E-8
1343                      1.2506113896375804E-9
1344                      8.959925670476448E-9
1345                      1.618089595389053E-8
1346                      2.4551329767213292E-8
1347                      3.5609413925875695E-8
1348                      5.210497490277771E-8
1349                      8.107698435601974E-8
1350                      1.498786191477994E-7
1351                      5.882213948139338E-7
1352                      3.3472704635066503E-7
1353                      1.2675720605155387E-7
1354                      7.090532332813082E-8
1355                      3.7036144391584716E-8
1356                      9.256613150784542E-9
1357                      3.7026642666157397E-7
1358                      6.831435914585767E-8
1359                      3.837598920190505E-8
1360                      1.9636256731327956E-8
1361                      6.047330206978026E-10
1362                      2.665014670959635E-8
1363                      8.689056963164871E-8
1364                      5.948264889692364E-7
1365                      2.280247638827898E-7
1366                      1.0698831437385007E-7
1367                      6.882193961507779E-8
1368                      4.602568500924206E-8
1369                      2.6873297035227333E-8
1370                      5.837961946613796E-9
1371                      2.4303655286900273E-8
1372                      8.628491450026781E-8
1373                      4.0664170971517326E-7
1374                      3.724023589441302E-7
1375                      1.482092231352979E-7
1376                      8.806148805374996E-8
1377                      4.746303677087677E-8
1378                      2.8095657383485235E-9
1379                      1.2986222019109186E-7
1380                      2.7567747388248535E-6
1381                      2.8241599694390757E-7
1382                      1.8566480905433265E-7
1383                      1.507884420276757E-7
1384                      1.3328014573885208E-7
1385                      1.2479756832832394E-7
1386                      1.287196033264556E-7
1387                      8.624044997150754E-7
1388                      6.226817381607084E-8
1389                      6.557495731335497E-8
1390                      3.8213369134582896E-8
1391                      1.0097768134014413E-7
1392                      8.322644717091081E-8
1393                      7.735771692403496E-8
1394                      7.32882890851341E-8
1395                      6.963024067491693E-8
1396                      6.584709357321421E-8
1397                      6.146417686286067E-8
1398                      5.552906959192844E-8
1399                      3.9190479148027E-8
1400                      4.980699320909189E-8
1401                      3.306111863586542E-8
1402                      6.3440489796621925E-9
1403                      6.647076988597945E-8
1404                      1.6672169594599718E-6
1405                      2.6439190654873005E-7
1406                      1.6631979537739428E-7
1407                      1.2829300855506572E-7
1408                      3.744337000982442E-7
1409                      1.458364236000339E-7
1410                      1.3169946077501929E-7
1411                      1.2648421868878936E-7
1412                      1.245273371110859E-7
1413                      1.2469881857676308E-7
1414                      1.268252953390893E-7
1415                      1.3128118496116534E-7
1416                      1.391759413398329E-7
1417                      1.5327534980769493E-7
1418                      1.8165335929460234E-7
1419                      2.601633428743871E-7
1420                      1.2540351647546581E-6
1421                      1.5733728674425345E-7
1422                      2.3940751626786523E-8
1423                      1.492900922047203E-8
1424                      3.342564933049855E-8
1425                      4.423714870782584E-8
1426                      5.132747250271996E-8
1427                      5.6322393338286234E-8
1428                      5.99970711926474E-8
1429                      6.274786997549501E-8
1430                      6.476816119338439E-8
1431                      6.611166268860207E-8
1432                      6.669206697886684E-8
1433                      6.62075883609867E-8
1434                      6.3885824964666E-8
1435                      5.7563716438040614E-8
1436                      3.888650490717598E-8
1437                      7.768961649149092E-8
1438                      2.2893091891476178E-7
1439                      1.4752448841593835E-7
1440                      1.3220207935242341E-7
1441                      1.2695085703354253E-7
1442                      1.2054848011970619E-7
1443                      2.4407505556144336E-7
1444                      1.804960408931701E-7
1445                      2.738552209741429E-7
1446                      1.1304024808164191E-8
1447                      8.717421088819456E-8
1448                      1.1186211650021642E-7
1449                      1.2778602246800633E-7
1450                      1.429721098548388E-7
1451                      1.6102653559234296E-7
1452                      1.862585680643218E-7
1453                      2.2818601739466662E-7
1454                      3.198710750222742E-7
1455                      7.362888719104683E-7
1456                      6.470870215263333E-7
1457                      1.240564423455487E-7
1458                      1.6659239781452805E-8
1459                      5.4008015706914737E-8
1460                      6.113001293828223E-7
1461                      5.113134923495704E-9
1462                      2.0405893074434966E-8
1463                      8.436106650077185E-8
1464                      7.738428734174048E-8
1465                      8.594645876346619E-8
1466                      9.546710684674754E-8
1467                      1.0534614018680961E-7
1468                      1.1582552846825681E-7
1469                      1.2744244091523683E-7
1470                      1.4131978372134742E-7
1471                      1.613418107954551E-7
1472                      2.552844180435264E-7
1473                      1.4572971870733803E-7
1474                      1.805837712107009E-7
1475                      2.0890236721852225E-7
1476                      2.418765330075966E-7
1477                      2.8499084310544306E-7
1478                      3.4650830799944594E-7
1479                      4.44057241536179E-7
1480                      6.263521460592218E-7
1481                      1.0996955034503676E-6
1482                      5.619192493643733E-6
1483                      1.6260959579024664E-6
1484                      6.674796165106475E-7
1485                      3.951625794459464E-7
1486                      2.5756966169455064E-7
1487                      1.5269615639475215E-7
1488                      2.1418801334579573E-7
1489                      2.4323911631922027E-7
1490                      1.5685996993378657E-7
1491                      1.1874926048660272E-7
1492                      9.326255702316128E-8
1493                      7.377181689855513E-8
1494                      5.79193406029361E-8
1495                      4.475688564823843E-8
1496                      3.450089416099544E-8
1497                      3.17584323891276E-8
1498                      3.46456269890002E-6
1499                      3.665795844245171E-8
1500                      4.1701808021420434E-8
1501                      5.620914377435894E-8
1502                      7.71630883064026E-8
1503                      1.0781122340038954E-7
1504                      1.5872546602212853E-7
1505                      2.7109946262137733E-7
1506                      9.600027318263096E-7
1507                      3.0491589483599684E-7
1508                      1.1876299725608492E-7
1509                      4.256627340336848E-6
1510                      3.382219141547111E-7
1511                      1.7644174753406922E-7
1512                      7.82439114784712E-8
1513                      1.6223867234348314E-7
1514                      1.1657224191273436E-7
1515                      9.371680597991111E-8
1516                      7.806555443600134E-8
1517                      6.605659701596445E-8
1518                      5.616708980417359E-8
1519                      4.741633972220398E-8
1520                      3.847557028539674E-8
1521                      2.1197669838638992E-8
1522                      5.4076420320128064E-8
1523                      3.689480921368059E-8
1524                      3.155778948348183E-8
1525                      2.933721730321442E-8
1526                      3.0872400681281274E-8
1527                      4.169374529584692E-8
1528                      1.0246428116447985E-7
1529                      2.5549686550851013E-7
1530                      8.312976608521406E-8
1531                      6.744070445789201E-8
1532                      6.912003414904513E-8
1533                      7.952615944060783E-8
1534                      1.0015022759887321E-7
1535                      1.4198981834422436E-7
1536                      2.6172370863034714E-7
1537                      4.705356223254736E-6
1538                      2.44772578501802E-7
1539                      1.0323943111110075E-7
1540                      5.885496139307748E-8
1541                      1.2894379896276446E-7
1542                      4.3111942053350506E-8
1543                      7.411026477810548E-8
1544                      1.994063569307625E-7
1545                      5.834283010519904E-7
1546                      1.194729001091048E-7
1547                      6.045312909379135E-8
1548                      3.424811782417911E-8
1549                      1.7649776366484277E-8
1550                      4.984384237856871E-9
1551                      5.886049888635877E-9
1552                      1.5996732987655344E-8
1553                      2.5923991139414465E-8
1554                      3.592452784095593E-8
1555                      4.5641859703512106E-8
1556                      5.214468831856273E-8
1557                      3.051983935219567E-8
1558                      4.1324616624672756E-7
1559                      2.6313004153718384E-7
1560                      3.9902735835557484E-7
1561                      1.2606396021379458E-7
1562                      3.851244605697414E-7
1563                      1.1148233145733718E-6
1564                      4.239771579830638E-6
1565                      8.722069595261901E-7
1566                      5.307002740973087E-7
1567                      4.090708635301098E-7
1568                      3.5894580982847044E-7
1569                      3.592145403065693E-7
1570                      5.389231920722965E-7
1571                      7.237866448105139E-9
1572                      1.7006097123887462E-7
1573                      2.371464351453216E-7
1574                      3.534842502937667E-7
1575                      1.0245536636833763E-6
1576                      4.863635573349197E-7
1577                      1.0597789375098572E-7
1578                      8.04043420870142E-9
1579                      1.3319931750068582E-7
1580                      2.8311220959961638E-6
1581                      2.361362897009861E-7
1582                      1.1777275132685653E-7
1583                      7.713225398332366E-8
1584                      5.5593563035395195E-8
1585                      4.1672383119152995E-8
1586                      3.138622118586915E-8
1587                      2.2854325695689857E-8
1588                      1.4933347150447E-8
1589                      6.7165712392899645E-9
1590                      2.7450495551146405E-9
1591                      1.4717818670287555E-8
1592                      3.123699839439137E-8
1593                      5.611479555732809E-8
1594                      9.774537026083888E-8
1595                      1.7926966563705194E-7
1596                      3.964841900271528E-7
1597                      2.229962006616032E-6
1598                      1.0326481930967124E-6
1599                      5.210343329686004E-7
1600                      3.960351480008779E-7
1601                      3.4872245727236094E-7
1602                      3.3137104549547967E-7
1603                      3.874358243138602E-7
1604                      3.845083568896677E-7
1605                      4.5843620702992035E-7
1606                      6.992804011633057E-7
1607                      3.2146018845660096E-6
1608                      1.0684840370159992E-8
1609                      2.173055592539592E-7
1610                      3.900412121954567E-7
1611                      6.648247831527369E-7
1612                      1.5309429294106725E-6
1613                      7.2565922023853005E-6
1614                      1.0912102116786812E-6
1615                      5.89028558787913E-7
1616                      4.067513996150613E-7
1617                      4.788411277823953E-7
1618                      2.1351525595520892E-7
1619                      1.7974058628513657E-7
1620                      1.5131460631102563E-7
1621                      1.287287411437192E-7
1622                      1.1051464517274294E-7
1623                      9.556075548143274E-8
1624                      8.31429819323342E-8
1625                      7.285592214638587E-8
1626                      6.461829094194874E-8
1627                      5.884267522269946E-8
1628                      5.708705791781645E-8
1629                      6.481785262023695E-8
1630                      1.1078970787659009E-7
1631                      4.687472809553799E-6
1632                      1.8066229802211924E-7
1633                      1.5669708584284877E-7
1634                      2.5778177422754926E-7
1635                      7.485663799309505E-7
1636                      7.231599021646603E-8
1637                      1.0055313282278103E-9
1638                      5.0018725001160516E-8
1639                      1.6885082758917933E-7
1640                      6.935121743758285E-7
1641                      2.3338638753886746E-7
1642                      5.9235203055313444E-8
1643                      1.873809123041795E-9
1644                      7.835705030449619E-9
1645                      1.6187541337668535E-7
1646                      4.509607699389005E-7
1647                      6.592181844940428E-7
1648                      1.5991358486427005E-7
1649                      6.231620016583632E-8
1650                      8.80065070313314E-9
1651                      3.473676472620259E-8
1652                      7.98063618504565E-8
1653                      1.355540972852966E-7
1654                      2.1671384553205857E-7
1655                      3.6086643896874504E-7
1656                      7.237849395175303E-7
1657                      4.0798863018731816E-6
1658                      1.3337867497085508E-6
1659                      5.915195692897952E-7
1660                      3.7034547890269194E-7
1661                      2.422276194799527E-7
1662                      1.1524066611098956E-7
1663                      1.7442777501728515E-7
1664                      2.8368673992373953E-6
1665                      6.438519317590981E-7
1666                      4.999912555103471E-7
1667                      4.943335126665994E-7
1668                      6.427319209521854E-7
1669                      5.3545311935854735E-6
1670                      2.705574930386898E-7
1671                      4.239130649076758E-8
1672                      2.1192522915554693E-8
1673                      4.76618553910118E-8
1674                      6.036103784519485E-8
1675                      6.663393653776525E-8
1676                      6.944248903030235E-8
1677                      7.015052809122E-8
1678                      6.941377173509519E-8
1679                      6.750813641533779E-8
1680                      6.44394718443627E-8
1681                      5.991818047376642E-8
1682                      5.314326370844002E-8
1683                      4.204162185366208E-8
1684                      2.0032367811982127E-8
1685                      4.8793396114779336E-8
1686                      1.2807253038391556E-6
1687                      1.8437538839583696E-7
1688                      1.324360108346698E-7
1689                      1.1303092039293902E-7
1690                      1.0206137832517004E-7
1691                      9.407425706559945E-8
1692                      8.652950927232715E-8
1693                      7.586698530021717E-8
1694                      3.703158844510433E-8
1695                      1.453503007831272E-7
1696                      1.0566142630659995E-7
1697                      9.626456734841248E-8
1698                      9.10965341763698E-8
1699                      8.716461571231303E-8
1700                      8.349579454540821E-8
1701                      7.949524339145963E-8
1702                      7.454314945612975E-8
1703                      6.772913263920416E-8
1704                      5.7433599470928274E-8
1705                      4.034230237931701E-8
1706                      8.522501363588144E-9
1707                      6.208793731296016E-8
1708                      2.882148816897359E-7
1709                      7.48338409970987E-6
1710                      8.726822187932333E-7
1711                      6.254253187849547E-7
1712                      6.22144165990134E-7
1713                      7.525970863520049E-7
1714                      1.1849564033925953E-6
1715                      4.801628027347412E-6
1716                      1.916200194458491E-6
1717                      7.890336786433671E-7
1718                      5.257612163189799E-7
1719                      4.493035924872607E-7
1720                      5.126985463030346E-7
1721                      1.3436220641059159E-6
1722                      6.276657234802379E-7
1723                      2.0838623449992342E-7
1724                      1.2717418762783373E-7
1725                      1.0893805988501009E-7
1726                      1.3821710978279047E-7
1727                      5.64822673751762E-7
1728                      2.1376417562096357E-7
1729                      1.325713427094031E-7
1730                      1.8586312970134724E-7
1731                      1.136163022921798E-6
1732                      2.957893569911785E-7
1733                      1.586715781986819E-7
1734                      1.75735323771328E-7
1735                      8.571517920585819E-8
1736                      8.621597421502667E-8
1737                      9.372320240307803E-8
1738                      2.252358588311568E-7
1739                      3.933524621378564E-8
1740                      5.6899458061502016E-8
1741                      6.343217077674045E-8
1742                      6.823576996804337E-8
1743                      7.302630761852316E-8
1744                      7.854957513535148E-8
1745                      8.545986027477936E-8
1746                      9.46862985966727E-8
1747                      1.0796375876499546E-7
1748                      1.2949983535025273E-7
1749                      1.7976496568757908E-7
1750                      1.9016463522208495E-7
1751                      4.759404597221899E-7
1752                      8.004637212090545E-7
1753                      1.7349382519960422E-7
1754                      7.939869926574803E-8
1755                      4.027686225117723E-8
1756                      1.8022337020838118E-8
1757                      2.9416029813633664E-9
1758                      8.65843948291796E-9
1759                      1.861033988220976E-8
1760                      2.8104538427179968E-8
1761                      3.823914012407249E-8
1762                      5.0531347375028905E-8
1763                      6.801066835398683E-8
1764                      9.930863595479949E-8
1765                      1.8707896366929238E-7
1766                      6.59067794014873E-5
1767                      1.4649798844354566E-7
1768                      5.991135832145259E-8
1769                      3.009153373670329E-8
1770                      1.811363633562647E-8
1771                      1.8244919156192915E-8
1772                      1.602418261971283E-8
1773                      2.2724444478757145E-8
1774                      3.0291777410140734E-8
1775                      3.86978811922845E-8
1776                      4.8498240502313625E-8
1777                      6.045836973533839E-8
1778                      7.430310477304655E-8
1779                      6.398639581819214E-8
1780                      8.778578699149687E-7
1781                      1.3642407563256122E-6
1782                      2.1582880833342294E-7
1783                      1.0039094996418864E-7
1784                      5.6119756979266084E-8
1785                      3.148634035572987E-8
1786                      1.4807381850125832E-8
1787                      2.2334005822868676E-9
1788                      6.9559520861406E-9
1789                      7.76990326154726E-9
1790                      1.2825235407988835E-7
1791                      1.363147328110984E-7
1792                      1.429072648192849E-7
1793                      1.960650648840955E-7
1794                      3.3645845591627846E-7
1795                      1.4469352252093809E-6
1796                      3.8793542261035657E-7
1797                      2.638561684963636E-8
1798                      1.7360262055488486E-6
1799                      5.011814620089322E-7
1800                      2.740832203383461E-7
1801                      1.969496496275083E-7
1802                      1.5276055784980746E-7
1803                      1.1778414991430533E-7
1804                      7.669665798854439E-8
1805                      1.6689148165708757E-8
1806                      1.0602473295866217E-4
1807                      2.4585692687876754E-7
1808                      1.912042533402839E-7
1809                      1.7662592019744096E-7
1810                      1.683468609686737E-7
1811                      1.6493951101009385E-7
1812                      1.6511502877422414E-7
1813                      1.6838080203250457E-7
1814                      1.7475570049004067E-7
1815                      1.8469226458986472E-7
1816                      1.9917214097757572E-7
1817                      2.2002242682383798E-7
1818                      2.506865798002705E-7
1819                      2.9821610294736424E-7
1820                      3.7937999804553823E-7
1821                      5.459141759389997E-7
1822                      1.0759999938002357E-6
1823                      9.651394473911535E-6
1824                      6.755053984332675E-7
1825                      5.860542183691906E-7
1826                      2.905560254768449E-7
1827                      1.958184953345865E-7
1828                      1.4188324580409866E-7
1829                      1.0576120248159024E-7
1830                      7.915800335708366E-8
1831                      5.843317766678802E-8
1832                      4.2838294040288716E-8
1833                      3.975919010837323E-8
1834                      3.473906895030808E-7
1835                      1.6531046201387352E-7
1836                      2.727151862802064E-7
1837                      9.137102461847521E-6
1838                      2.818613382719822E-7
1839                      1.2560119655262522E-7
1840                      6.281067739917555E-8
1841                      1.4848112094444873E-8
1842                      4.6291595551619985E-8
1843                      1.9540990736317962E-7
1844                      7.210672188769631E-6
1845                      3.066431258273837E-7
1846                      1.7632846105706969E-7
1847                      1.2727435022835567E-7
1848                      9.885320414131648E-8
1849                      7.821755584784022E-8
1850                      6.059671932911376E-8
1851                      4.330858444450834E-8
1852                      2.3974950414252575E-8
1853                      6.901082511765112E-10
1854                      3.706723770226429E-8
1855                      1.0178911933426413E-7
1856                      2.6038227269272974E-7
1857                      1.337878188420148E-6
1858                      8.761786231537027E-7
1859                      4.183374773082055E-7
1860                      3.086341627552822E-7
1861                      2.6266866396703113E-7
1862                      2.4087638678326226E-7
1863                      2.3240213749780654E-7
1864                      2.3415577519370796E-7
1865                      2.47105953223617E-7
1866                      2.776514269712465E-7
1867                      3.489992513733143E-7
1868                      6.016213817602152E-7
1869                      1.5321184727605841E-6
1870                      7.53990472418043E-8
1871                      2.1672915840471255E-7
1872                      6.179889275791674E-7
1873                      1.2202832357781273E-7
1874                      3.9648233784214334E-8
1875                      3.067837212390852E-9
1876                      3.734380943584762E-8
1877                      7.866273741072575E-8
1878                      1.6437638224432075E-7
1879                      1.0200724344165794E-6
1880                      2.47298639462767E-7
1881                      1.0256627848383707E-7
1882                      5.9194410854095844E-8
1883                      3.757261402918724E-8
1884                      2.4320333559997148E-8
1885                      1.522904630738991E-8
1886                      8.534551383781734E-9
1887                      3.3588902050473964E-9
1888                      7.881403358143265E-10
1889                      4.203736220668561E-9
1890                      7.079438650275885E-9
1891                      9.54449467881662E-9
1892                      1.1689082392773923E-8
1893                      1.3577452398224743E-8
1894                      1.5255587748646912E-8
1895                      1.6755591002279617E-8
1896                      1.8097817452006674E-8
1897                      1.9291033220890292E-8
1898                      2.033016087113226E-8
1899                      2.1189994797663223E-8
1900                      2.1810490415271424E-8
1901                      2.206114805545993E-8
1902                      2.1643462163377477E-8
1903                      1.9760213322890006E-8
1904                      1.3480922120239E-8
1905                      2.2673196556526097E-8
1906                      9.900869172620957E-8
1907                      5.8199138571021215E-8
1908                      5.1450935933404425E-8
1909                      4.8808189481325705E-8
1910                      4.559153047039688E-8
1911                      3.387633989385818E-8
1912                      5.982561134572077E-8
1913                      4.0828536294131557E-7
1914                      6.782854126121128E-7
1915                      2.335640931630208E-7
1916                      5.198125974160999E-8
1917                      1.0332728639967046E-8
1918                      8.195812131669663E-9
1919                      1.909145776323929E-8
1920                      2.6685870529525234E-8
1921                      3.265183580752356E-8
1922                      3.777770110500042E-8
1923                      4.249561107026403E-8
1924                      4.707714998033849E-8
1925                      5.1718553754873104E-8
1926                      5.6583828362910734E-8
1927                      6.183084604966022E-8
1928                      6.763138394556987E-8
1929                      7.419132367795609E-8
1930                      8.177633503139737E-8
1931                      9.075006662953592E-8
1932                      1.016370385508935E-7
1933                      1.1523476976350561E-7
1934                      1.3282994034031767E-7
1935                      1.5665487115515545E-7
1936                      1.9097165855637722E-7
1937                      2.4510708488361647E-7
1938                      3.4443820026228165E-7
1939                      5.96778054669324E-7
1940                      6.151336864120361E-7
1941                      1.6458887033336427E-6
1942                      5.171672220596826E-7
1943                      3.034163891763563E-7
1944                      2.1141554200467308E-7
1945                      1.5963340146203623E-7
1946                      1.2604955632024645E-7
1947                      1.0220536963916756E-7
1948                      8.415339873892072E-8
1949                      6.98185430768665E-8
1950                      5.8057920920257844E-8
1951                      4.836007360463326E-8
1952                      4.1155690210262425E-8
1953                      4.161308014738028E-8
1954                      8.299637804372611E-7
1955                      6.129437224302342E-8
1956                      1.1386387701400764E-9
1957                      2.2069585362258702E-8
1958                      4.016342819486334E-8
1959                      6.380034598867304E-8
1960                      1.0049211763068088E-7
1961                      1.7593366267285702E-7
1962                      7.209125687149969E-7
1963                      7.700098528165238E-9
1964                      3.424397951699511E-7
1965                      1.4454736320479504E-5
1966                      4.855540325024948E-7
1967                      2.3779932954513026E-7
1968                      1.9573283702958642E-7
1969                      2.7179800326033335E-7
1970                      1.9938688398487658E-7
1971                      1.693118407414415E-7
1972                      1.5152198006647608E-7
1973                      1.3987168447511472E-7
1974                      1.3219485595054075E-7
1975                      1.2783133993980139E-7
1976                      1.2831485123698135E-7
1977                      8.106601030469288E-8
1978                      1.191778858534562E-7
1979                      1.300119654002374E-7
1980                      1.5304803908382187E-7
1981                      2.343898267231447E-7
1982                      1.0055849315902336E-6
1983                      4.8293518549115334E-8
1984                      6.992127270058268E-9
1985                      2.58096835731172E-8
1986                      3.464437878456387E-8
1987                      3.9154820522462195E-8
1988                      4.094020863564569E-8
1989                      3.9536414950434855E-8
1990                      2.7571574848279674E-8
1991                      1.936332693620931E-7
1992                      7.681877967858466E-8
1993                      7.013786246630148E-8
1994                      6.931921506421148E-8
1995                      7.057395326746715E-8
1996                      7.33390848026468E-8
1997                      7.788471377451682E-8
1998                      8.523242629007313E-8
1999                      9.80342091412214E-8
2000                      1.2453985090642014E-7
