% Model:              frequency_response_and_eigenfrequencies_undamped.mph
% Version:            COMSOL 5.2.0.220
% Date:               Dec 14 2018, 02:20
% Dimension:          1
% Nodes:              2001
% Expressions:        1
% Description:        Point graph
% x                       Height
0                         6.223181556960533E-5
1                         6.272563155004519E-5
2                         6.428239760274953E-5
3                         6.71616561587348E-5
4                         7.193981641199868E-5
5                         7.989509189605325E-5
6                         9.428859803810016E-5
7                         1.2633499371858238E-4
8                         2.5674508757548686E-4
9                         3.419237102644802E-4
10                        5.47902951979441E-5
11                        9.245884328980553E-6
12                        1.1679726316078346E-5
13                        2.6239239734775933E-5
14                        4.0070035399155166E-5
15                        5.7563758363891925E-5
16                        8.775677520565851E-5
17                        1.734245837456687E-4
18                        0.005427665802754396
19                        1.4175489237714756E-4
20                        6.376618192063277E-5
21                        3.612443370020874E-5
22                        2.1216073651994234E-5
23                        1.1218648954831243E-5
24                        3.322777006176167E-6
25                        3.988854550413056E-6
26                        1.212408618527536E-5
27                        2.3608084802742697E-5
28                        4.69551340642628E-5
29                        1.6641790937629717E-4
30                        1.3292949500897595E-4
31                        4.663965195648335E-5
32                        2.6047790210311448E-5
33                        1.3076512248649095E-5
34                        1.9614921168209015E-5
35                        1.0948829626782172E-5
36                        6.829401067424317E-6
37                        3.603724932926313E-6
38                        6.300859856944994E-7
39                        2.5215880684465956E-6
40                        6.479539666924585E-6
41                        1.2858587651183277E-5
42                        2.936300434188079E-5
43                        0.003032920152821458
44                        3.1350276434793116E-5
45                        1.4411694019580713E-5
46                        8.094172036835735E-6
47                        4.285523485355916E-6
48                        1.225688217642966E-6
49                        2.0632379151478064E-6
50                        7.668320634416744E-6
51                        4.831790233484518E-5
52                        1.504251187497943E-5
53                        5.088526199138484E-6
54                        1.474053743211329E-6
55                        1.0572796777926944E-6
56                        3.6279656707157725E-6
57                        7.497837342437241E-6
58                        1.9941537747097588E-5
59                        3.307040648964227E-5
60                        6.447469214427098E-6
61                        1.7593620375310434E-6
62                        6.594326766688599E-7
63                        2.4324725890823413E-6
64                        4.008157800127652E-6
65                        5.60555276615534E-6
66                        7.409871697854146E-6
67                        9.67679643608688E-6
68                        1.2908224504284814E-5
69                        1.8444444762633964E-5
70                        3.196032364333431E-5
71                        1.7342384347606503E-4
72                        3.3564939858371345E-5
73                        7.686445510319456E-6
74                        6.639540330335311E-6
75                        1.3941213484700964E-4
76                        1.0216587242578094E-5
77                        1.8427250728048236E-5
78                        1.0041520912895875E-5
79                        6.5879228992752055E-6
80                        4.412333140952397E-6
81                        2.79658034253468E-6
82                        1.4704916628537819E-6
83                        2.9803309317081507E-7
84                        8.062140789875531E-7
85                        1.909353353331745E-6
86                        3.078504334532895E-6
87                        4.398391494311128E-6
88                        5.999405078890885E-6
89                        8.11979565333146E-6
90                        1.1280688789356435E-5
91                        1.6938704364690295E-5
92                        3.145872490532131E-5
93                        2.099727184053795E-4
94                        4.1356042412039574E-5
95                        1.5876337292161013E-5
96                        3.2309857388843854E-5
97                        7.752724707864313E-6
98                        3.989797640275593E-6
99                        7.486988806628806E-7
100                       3.8998863397486274E-6
101                       2.1110140935199562E-5
102                       3.1119867908173164E-5
103                       1.1031285017115032E-5
104                       6.776547039872353E-6
105                       4.652685242285772E-6
106                       3.233799043267561E-6
107                       2.1234054101840986E-6
108                       1.1564308233183723E-6
109                       2.3988688876977957E-7
110                       6.978425519485749E-7
111                       1.7334341507603385E-6
112                       2.9765355213963278E-6
113                       4.624101605353469E-6
114                       7.112006522630336E-6
115                       1.1699045052546064E-5
116                       2.4337659169675075E-5
117                       7.312962133140212E-5
118                       3.232637267396131E-5
119                       1.546941212963251E-5
120                       1.0196147258594965E-5
121                       7.538989217650864E-6
122                       5.893693485781003E-6
123                       4.74509595932828E-6
124                       3.875757843034899E-6
125                       3.176799875122209E-6
126                       2.5858710232114687E-6
127                       2.061163486815149E-6
128                       1.5637520277272147E-6
129                       1.0094723765585634E-6
130                       1.642743511067959E-7
131                       9.021288698548375E-7
132                       2.564173247259645E-7
133                       8.670051304762404E-7
134                       1.304694498019443E-7
135                       7.319969395562366E-7
136                       1.261790607383859E-6
137                       1.851591786095971E-6
138                       2.5760230648305944E-6
139                       3.556324273105658E-6
140                       5.098620290500225E-6
141                       7.106900306342882E-6
142                       1.3950674452818636E-5
143                       8.022782629319908E-5
144                       2.183080275009244E-5
145                       9.383133424978255E-6
146                       5.7657431834900104E-6
147                       3.979261906170382E-6
148                       2.8735743646054923E-6
149                       2.092442712802122E-6
150                       1.4882752780375872E-6
151                       9.877421250451285E-7
152                       5.489273011096675E-7
153                       1.4436934182248814E-7
154                       2.4714549870511095E-7
155                       6.459581877721572E-7
156                       1.0774006177005467E-6
157                       1.5830208638043682E-6
158                       2.253346297300405E-6
159                       3.3718349499980717E-6
160                       6.787976269076214E-6
161                       2.9158334671858248E-5
162                       6.573396181062384E-7
163                       1.2829547841926332E-6
164                       2.581418462575905E-6
165                       4.053134895585915E-6
166                       5.422481884072591E-6
167                       1.154186800462811E-5
168                       2.0175678055598613E-5
169                       8.808806996304135E-6
170                       5.293998220561399E-7
171                       6.816876119404057E-6
172                       1.4874834797219653E-4
173                       1.0564300998584499E-5
174                       5.734561057833296E-6
175                       3.836347515046407E-6
176                       2.742899348652591E-6
177                       1.9920690004674137E-6
178                       1.4197637277635834E-6
179                       9.51085130965277E-7
180                       5.457683362683411E-7
181                       1.7921454665238806E-7
182                       1.6551242322118442E-7
183                       5.016791041656123E-7
184                       8.413175499228203E-7
185                       1.1972111313597688E-6
186                       1.5852094505440216E-6
187                       2.027903656909624E-6
188                       2.5618527253393196E-6
189                       3.254377247349792E-6
190                       4.250329986106372E-6
191                       5.94032115492244E-6
192                       9.924614006551075E-6
193                       6.312430009610411E-5
194                       1.8025341831841388E-5
195                       5.015806379563811E-6
196                       1.9896687180819657E-6
197                       3.8319611484179625E-7
198                       8.020602427799738E-7
199                       1.8977414579608786E-6
200                       3.120740703778733E-6
201                       4.772214733880049E-6
202                       7.679239530659913E-6
203                       1.9311574282143363E-5
204                       9.562971086322563E-6
205                       5.905380464457946E-5
206                       1.6119548838544053E-5
207                       6.742557439846557E-6
208                       2.114675316128263E-6
209                       1.4978601266409174E-5
210                       9.825747073256337E-6
211                       5.4642687090230616E-6
212                       3.914593082808048E-6
213                       2.9953211586364002E-6
214                       2.3354986827159483E-6
215                       1.8103431738015234E-6
216                       1.3623420268787144E-6
217                       9.589370524212701E-7
218                       5.781901899127148E-7
219                       2.0238961066755878E-7
220                       1.8604394131424805E-7
221                       6.103514361337032E-7
222                       1.229673969666117E-6
223                       1.6338211235052153E-6
224                       2.3953229452674852E-6
225                       3.4935447644453605E-6
226                       5.3547692284060106E-6
227                       9.542117806287626E-6
228                       3.073951185887694E-5
229                       2.842895543568799E-5
230                       9.740500399911818E-6
231                       5.729994660726081E-6
232                       3.882361144179454E-6
233                       2.7366733495831366E-6
234                       1.866920582244427E-6
235                       1.0537624530422636E-6
236                       6.0673763922718326E-9
237                       2.947645339832936E-6
238                       8.446209198253054E-6
239                       2.4023599660913516E-6
240                       1.1781085693293722E-6
241                       3.5715139960005845E-7
242                       5.165716326097353E-7
243                       1.9038671801917268E-6
244                       6.5589003189958275E-6
245                       3.933801989390137E-6
246                       1.2893958025610999E-5
247                       4.182247801346973E-6
248                       2.6216195023632897E-6
249                       1.8390879422962053E-6
250                       1.3074585248522277E-6
251                       8.720404833471849E-7
252                       4.114569730095596E-7
253                       1.1063243356795787E-7
254                       6.53369942935346E-7
255                       2.320196440998843E-6
256                       4.354375518746179E-7
257                       1.1721892290266673E-7
258                       5.54284549423164E-7
259                       1.0049469637461254E-6
260                       1.5378521875803607E-6
261                       2.24100759567378E-6
262                       3.2882759387834293E-6
263                       5.138923485424496E-6
264                       9.616846848605225E-6
265                       4.030695631512273E-5
266                       2.1080744275192538E-5
267                       8.5839532627473E-6
268                       5.41103757815173E-6
269                       3.912195413265281E-6
270                       2.9985740456277037E-6
271                       2.3369640565621837E-6
272                       1.7595199502915608E-6
273                       1.0427959954260933E-6
274                       2.680421128467194E-6
275                       4.057980801794506E-6
276                       2.1194880190709683E-6
277                       1.628661514645208E-6
278                       1.3390211094910113E-6
279                       1.123683341884691E-6
280                       9.459851856179563E-7
281                       7.904034649511293E-7
282                       6.486229280748573E-7
283                       5.152437872893939E-7
284                       3.859190315977077E-7
285                       2.5584346515750426E-7
286                       1.2370284525827633E-7
287                       3.1385834226215475E-8
288                       1.4762762870271525E-6
289                       4.827908097068072E-7
290                       1.2318240049669892E-6
291                       5.576566564390648E-8
292                       3.0726547200642703E-7
293                       4.936726878063076E-7
294                       6.71983343347973E-7
295                       8.600404578531278E-7
296                       1.069934209064812E-6
297                       1.315256985351505E-6
298                       1.6160834488071453E-6
299                       2.0076244986729234E-6
300                       2.5637639805329948E-6
301                       3.4920093120933046E-6
302                       5.986542668577999E-6
303                       1.854372958498572E-6
304                       5.41735328640327E-6
305                       1.3185604752122931E-5
306                       2.5609619853296158E-5
307                       5.257118446265235E-6
308                       8.65498066618441E-6
309                       4.139234323678426E-6
310                       2.8194577286977606E-6
311                       1.959403749478545E-6
312                       9.103353126490445E-7
313                       4.153711721757889E-6
314                       1.6887188018492834E-6
315                       1.670831980043225E-6
316                       1.2797260987389873E-6
317                       1.0337312815453372E-6
318                       8.430944818702412E-7
319                       6.828937463991969E-7
320                       5.417263430278462E-7
321                       4.1179863027783827E-7
322                       4.4506574362279984E-7
323                       1.9408708938780807E-7
324                       8.43222365053326E-8
325                       2.156627443850495E-8
326                       1.26739668932498E-7
327                       2.3350568737427813E-7
328                       3.4448943524031606E-7
329                       4.6336411288796235E-7
330                       5.962423702425267E-7
331                       7.554080597018192E-7
332                       9.725858790244654E-7
333                       1.3738723818504655E-6
334                       3.9986229502212185E-6
335                       2.9170886935995246E-7
336                       1.1275763766258771E-7
337                       7.310250417173102E-7
338                       1.024215429651364E-6
339                       1.2738355721754091E-6
340                       1.5282354199635418E-6
341                       1.8134128345690618E-6
342                       2.15643468569743E-6
343                       2.598740471137889E-6
344                       3.22048728113858E-6
345                       4.215787586732944E-6
346                       6.248532695138403E-6
347                       1.4461592991750336E-5
348                       1.3604480343252663E-5
349                       1.1676606991424774E-6
350                       3.094973830230782E-6
351                       1.5570227827842934E-5
352                       1.1989761179297222E-5
353                       5.57053749242876E-6
354                       7.555427548833187E-7
355                       2.8076513032792798E-6
356                       1.6044815158184128E-6
357                       8.325558283032759E-7
358                       1.1370289023806803E-7
359                       8.086180571306017E-7
360                       3.6900077713644433E-6
361                       6.057256465793258E-7
362                       3.02191178272546E-6
363                       2.2117154564544976E-5
364                       8.922619015254472E-6
365                       4.174666415302996E-6
366                       2.7741448526353555E-6
367                       2.0533845844530073E-6
368                       1.5871003279507683E-6
369                       1.2431870008472287E-6
370                       9.658756811855988E-7
371                       7.263231127498248E-7
372                       5.066615118410443E-7
373                       2.932567528657481E-7
374                       7.259781106103368E-8
375                       1.732095248131471E-7
376                       4.753314234793391E-7
377                       9.043409087327563E-7
378                       1.6825214390148198E-6
379                       4.152285649142979E-6
380                       1.5219902341000974E-5
381                       2.503599793520804E-6
382                       1.1270250707293052E-6
383                       4.5955389289325886E-7
384                       2.5457872481856975E-7
385                       8.170179413252204E-7
386                       8.754167641528459E-8
387                       4.980811384856754E-7
388                       9.140231916885664E-7
389                       1.4593043129032619E-6
390                       2.378823906172695E-6
391                       4.843879155685116E-6
392                       1.425514962382951E-4
393                       2.520156586904549E-6
394                       6.90352214209348E-6
395                       1.396535069133964E-6
396                       4.1259324643422936E-7
397                       3.0317186191475896E-7
398                       1.1801364933076282E-6
399                       2.0256147596371462E-6
400                       5.933327875247403E-6
401                       5.183782540585412E-6
402                       1.9506623129748632E-6
403                       8.768477604063352E-6
404                       7.5704879364343365E-6
405                       3.537843346838735E-6
406                       2.3563311899119247E-6
407                       1.7243897489014362E-6
408                       1.2978482659008659E-6
409                       9.676526776936135E-7
410                       6.847580031086716E-7
411                       4.1985360697614273E-7
412                       1.4849644116284615E-7
413                       1.5950828812784826E-7
414                       5.584450067013726E-7
415                       1.1861665934255682E-6
416                       2.5957545102492608E-6
417                       1.3130714783466717E-5
418                       5.2993554850297374E-6
419                       2.074287045165037E-6
420                       6.131971800109847E-7
421                       8.454143196960867E-7
422                       3.1332885376337244E-7
423                       2.0443127382584542E-7
424                       1.216843098329822E-6
425                       3.5874173690469264E-6
426                       4.314994385759341E-8
427                       9.257536773847298E-7
428                       2.3147724114973246E-6
429                       7.3165489340730126E-6
430                       1.312357998895661E-5
431                       3.4612147649103815E-6
432                       3.5545877749875813E-6
433                       1.684416306816654E-6
434                       1.0723495303138335E-6
435                       5.948437743132788E-7
436                       8.242974614689688E-8
437                       7.303639132756997E-7
438                       3.895583646871992E-6
439                       4.380873808962268E-6
440                       1.1536761769873078E-6
441                       4.6842803150540664E-7
442                       1.0875897653295231E-6
443                       8.769094587006701E-6
444                       5.070353254587384E-6
445                       2.2131894222022056E-6
446                       1.5590093307144162E-6
447                       1.2028395996559926E-6
448                       9.499313689769068E-7
449                       7.405149301294535E-7
450                       5.452788280005542E-7
451                       3.414520174760759E-7
452                       9.970169856957356E-8
453                       2.386109702820932E-7
454                       8.478148224683433E-7
455                       2.6967976396577018E-6
456                       2.0705384867061393E-5
457                       3.458011980449265E-6
458                       1.847699362564685E-6
459                       1.3465181722521037E-6
460                       1.0680255033710058E-6
461                       8.801515678441522E-7
462                       7.381689318003483E-7
463                       6.224188973071303E-7
464                       5.227430055593767E-7
465                       4.332223690598486E-7
466                       3.5003454029414037E-7
467                       2.7044922285463054E-7
468                       1.9229271834842853E-7
469                       1.1361395538707065E-7
470                       3.242386645223777E-8
471                       5.357697060284452E-8
472                       1.4737733848754482E-7
473                       2.5331232464082897E-7
474                       3.7841085566137835E-7
475                       5.356546710498886E-7
476                       7.537131768859769E-7
477                       1.1176175016400183E-6
478                       2.1196744746627653E-6
479                       2.417876373606399E-6
480                       2.8822401460528386E-6
481                       8.715702741821122E-7
482                       3.783759119467198E-7
483                       1.256015292209817E-6
484                       3.70344523319473E-6
485                       2.500121988970241E-7
486                       6.142856666012667E-6
487                       7.079677945056467E-6
488                       3.7680797314586275E-6
489                       1.9466578770522733E-6
490                       1.198848550989482E-6
491                       6.398066375460843E-7
492                       1.27274474024808E-7
493                       1.593242731091906E-5
494                       2.829038018794618E-7
495                       2.855959512920692E-7
496                       1.1236568955943742E-5
497                       2.7171700865257785E-6
498                       8.419722542891919E-6
499                       1.4763211779391823E-6
500                       1.1461959123665022E-6
501                       9.538173923833125E-7
502                       8.162284016818594E-7
503                       7.080264139129942E-7
504                       6.177723613659288E-7
505                       5.392461817748516E-7
506                       4.685930942795712E-7
507                       4.0312446508930906E-7
508                       3.4069467260056015E-7
509                       2.792660811183435E-7
510                       2.1642912304198116E-7
511                       1.4853837018607786E-7
512                       6.846294884697764E-8
513                       4.25555879766248E-8
514                       2.6320144616890126E-7
515                       2.1847155021349215E-6
516                       6.122039600480969E-7
517                       2.2976049298733654E-7
518                       7.071991258057601E-8
519                       6.258930539979673E-8
520                       2.4582372138845943E-7
521                       8.744746460761785E-7
522                       8.985763479032152E-7
523                       1.9651657473653663E-7
524                       1.6129713499055422E-8
525                       9.628183899514236E-8
526                       1.9130647433412147E-7
527                       2.8557276509781606E-7
528                       3.901165827075569E-7
529                       5.186798048189532E-7
530                       6.976382416509484E-7
531                       9.97959161988571E-7
532                       1.7517883082229364E-6
533                       5.162326338719684E-6
534                       2.5410447144266455E-6
535                       7.730883407306669E-7
536                       3.4755599090442635E-7
537                       7.40572612632846E-8
538                       1.0667138780997788E-7
539                       2.5809259846565457E-7
540                       4.066070075049892E-7
541                       5.789245157013142E-7
542                       8.435544868949037E-7
543                       1.8520057516784205E-6
544                       1.6874143736283155E-7
545                       5.744082743420266E-7
546                       9.35419801908597E-7
547                       1.3493448113548248E-6
548                       2.040658554502579E-6
549                       4.718963549926651E-6
550                       1.8858523681766596E-6
551                       3.284168439063835E-5
552                       7.905522470572761E-8
553                       4.333692987010172E-6
554                       4.211419422338044E-6
555                       1.4080578323959596E-6
556                       6.155421599633004E-7
557                       1.1259860508748642E-7
558                       3.740529824992681E-7
559                       1.0972683111834595E-6
560                       3.424914871947022E-6
561                       6.310291834414711E-6
562                       1.3700382493250632E-6
563                       3.400903187991883E-7
564                       5.530458059315668E-7
565                       2.973531585000214E-6
566                       6.799571659287381E-6
567                       1.9654957824900007E-6
568                       1.0797878176106379E-6
569                       5.493998671830095E-7
570                       2.0505171099134318E-7
571                       6.992244911372051E-6
572                       1.1972643564332244E-6
573                       7.120772547578548E-7
574                       4.3875147088464965E-7
575                       1.721066526946902E-7
576                       3.0903752203651806E-7
577                       1.2020628595701038E-5
578                       1.2176469896137057E-6
579                       6.868216970105823E-7
580                       4.687082080242627E-7
581                       3.808386664670044E-7
582                       2.5894994063315545E-7
583                       2.2750135955355144E-7
584                       1.5006858215226567E-7
585                       8.422054113722055E-8
586                       3.583778887675392E-8
587                       8.949073504661914E-9
588                       6.447653526014973E-8
589                       1.1564302649244895E-7
590                       1.6596699643018663E-7
591                       2.1820363367761967E-7
592                       2.5281792331419967E-7
593                       3.1244577684505417E-7
594                       3.672563452542813E-7
595                       4.1901134135814563E-7
596                       4.802903171209464E-7
597                       5.437002996221545E-7
598                       6.122416853006472E-7
599                       6.875420389121137E-7
600                       7.716234019269993E-7
601                       8.672526240029566E-7
602                       9.784323550717271E-7
603                       1.111309708140307E-6
604                       1.2760840630454938E-6
605                       1.491644096816059E-6
606                       1.79948057342285E-6
607                       2.3225198042402626E-6
608                       3.7780130634978467E-6
609                       4.416812689193087E-6
610                       1.3093316778138654E-6
611                       2.8426551290346874E-6
612                       5.33640616123458E-6
613                       2.1460923049267518E-5
614                       2.799297729259243E-6
615                       1.1163842657296828E-5
616                       4.02510665147601E-6
617                       2.333070783609754E-6
618                       1.0476823731436994E-6
619                       3.5058781887819086E-6
620                       1.5193370084345E-6
621                       8.305012530305667E-7
622                       2.1690378039796E-6
623                       1.033558352082796E-6
624                       7.611858870892496E-7
625                       5.784133236754862E-7
626                       4.2914102989547097E-7
627                       2.9537469396686853E-7
628                       1.665621082417575E-7
629                       3.2010170768461716E-8
630                       1.2750300221149024E-7
631                       3.7484715746709585E-7
632                       1.3563829896732235E-6
633                       2.785155428477617E-7
634                       1.3044071003990494E-7
635                       1.6204347599238287E-7
636                       3.597588026705219E-7
637                       5.480909421478838E-7
638                       7.583003000793336E-7
639                       1.0222003616401177E-6
640                       1.4011216670544277E-6
641                       2.089588794096146E-6
642                       4.9921358071987E-6
643                       7.025498656168298E-7
644                       6.049681854802413E-6
645                       7.921609407254036E-6
646                       1.7515531188473053E-6
647                       1.399458980873965E-7
648                       1.5580335182608143E-6
649                       1.0786938864315788E-5
650                       3.6682322337298716E-6
651                       1.5366438067069234E-6
652                       2.55109274405602E-6
653                       1.428595458139725E-6
654                       6.725019615830719E-7
655                       9.720652556392618E-6
656                       4.796342035271493E-7
657                       1.5074365444328785E-6
658                       1.1368599768898968E-6
659                       9.313821718402571E-7
660                       7.838147742810703E-7
661                       6.658733917834187E-7
662                       5.656453692222292E-7
663                       4.7683194074981745E-7
664                       3.955715529423424E-7
665                       3.192085468255432E-7
666                       2.4571819137072425E-7
667                       1.73390707479789E-7
668                       1.006226799288642E-7
669                       2.5743472310427245E-8
670                       5.3172297529122576E-8
671                       1.385601801193578E-7
672                       2.337795963587708E-7
673                       3.4387984337749166E-7
674                       4.772130660363422E-7
675                       6.494078286526245E-7
676                       8.956729843602852E-7
677                       1.3273595353839158E-6
678                       2.82632060280835E-6
679                       3.613082893540123E-7
680                       1.8761490939125893E-6
681                       8.22125718689173E-6
682                       4.602288161793259E-6
683                       1.2235846616628596E-6
684                       3.942830743593212E-7
685                       1.4545851317506148E-5
686                       1.315100934030538E-6
687                       1.5528546690388953E-7
688                       4.0704550808969875E-6
689                       1.1075251703602158E-6
690                       6.373753679036378E-6
691                       1.3771244809474195E-6
692                       4.073465965039193E-7
693                       5.770247682392005E-6
694                       1.7823840666578974E-6
695                       1.0891300864330197E-6
696                       7.656246354359282E-7
697                       2.8352752604773557E-7
698                       1.1406773848257985E-6
699                       7.248699293692857E-7
700                       5.821595200479933E-7
701                       4.855423448300196E-7
702                       4.0729490379841033E-7
703                       3.385980013337148E-7
704                       2.7527385843729454E-7
705                       2.1476089595839093E-7
706                       1.5510681724324082E-7
707                       9.446343492486518E-8
708                       3.063308162130031E-8
709                       3.971409387643092E-8
710                       1.232402519846656E-7
711                       2.3966535224676156E-7
712                       5.293666935086284E-7
713                       6.43547988908656E-7
714                       2.0209234334039169E-7
715                       5.250457447165797E-7
716                       4.113222560736147E-7
717                       6.965524467361071E-7
718                       1.036291219686967E-6
719                       1.6329532688268627E-6
720                       3.227491081454966E-6
721                       3.9720924584243774E-5
722                       3.7112619089665313E-6
723                       1.6139197634391581E-6
724                       8.476396649810417E-7
725                       1.8587528300689758E-7
726                       3.081334806152084E-6
727                       6.652503822768213E-7
728                       3.008146875776498E-7
729                       3.2354520954004004E-8
730                       2.5850169246664833E-7
731                       6.730967035515133E-7
732                       1.4969031218482756E-6
733                       4.866469596446976E-6
734                       8.165244285093306E-6
735                       2.576874559956287E-6
736                       1.6046139475050503E-6
737                       1.1828347267232102E-6
738                       9.375113011745654E-7
739                       7.709954957375099E-7
740                       6.462504257060424E-7
741                       5.458391740569326E-7
742                       4.599742398375631E-7
743                       3.72693146716205E-7
744                       3.100861510511965E-7
745                       2.279935860498373E-7
746                       2.6929132545634333E-7
747                       8.077343351360096E-7
748                       4.352328716770507E-7
749                       1.6596208877994396E-7
750                       7.712560129629376E-8
751                       1.9639876954936115E-9
752                       7.413830839204817E-8
753                       1.5847029691286668E-7
754                       2.591976860495872E-7
755                       3.902696229060028E-7
756                       5.826812176825755E-7
757                       9.29219987092301E-7
758                       1.919177043199578E-6
759                       2.0151739347851504E-5
760                       1.2173177463297253E-6
761                       3.6972542150500536E-7
762                       5.7749475910349996E-8
763                       4.794116243435216E-7
764                       1.2740780081136405E-6
765                       1.922126655798613E-6
766                       1.9310628778784036E-6
767                       1.5996621117484553E-6
768                       5.06822141013388E-7
769                       3.233898495338484E-7
770                       4.8086018276359066E-6
771                       2.369778672660899E-6
772                       1.097120030755521E-6
773                       5.43597933276162E-7
774                       1.0241403520286984E-6
775                       1.3094462949810803E-6
776                       6.866699824693695E-7
777                       2.025292686290508E-7
778                       8.2997816443425E-7
779                       1.1992636836694844E-6
780                       6.487558553747132E-7
781                       5.108632855929941E-7
782                       5.452530647833652E-7
783                       4.3239922650153507E-7
784                       3.7687543935231996E-7
785                       3.31952539161714E-7
786                       2.9240539870976574E-7
787                       2.560988055522835E-7
788                       2.216867524783059E-7
789                       1.8801703604740815E-7
790                       1.5374557511474583E-7
791                       1.167116029911053E-7
792                       7.21221461845885E-8
793                       4.29356738575863E-9
794                       1.981997818394654E-7
795                       6.055456692732861E-7
796                       1.8843950468874566E-7
797                       1.0546552787222703E-7
798                       5.757273751473485E-8
799                       2.017585342195736E-8
800                       1.3133553042848702E-8
801                       4.492900181257372E-8
802                       7.661524846751933E-8
803                       1.092170249094451E-7
804                       1.4372779652369874E-7
805                       1.8138975123605083E-7
806                       2.2414432905587305E-7
807                       2.758163056795266E-7
808                       3.4676142217355047E-7
809                       4.884855092054068E-7
810                       1.418600746923926E-6
811                       2.8105680820846245E-7
812                       4.3967192247731376E-7
813                       5.857745350846431E-7
814                       7.889250631659832E-7
815                       1.1756373623146937E-6
816                       2.5844606435990366E-6
817                       3.869086105688187E-6
818                       5.882164417604247E-7
819                       2.213593400754568E-9
820                       3.8722398473397766E-7
821                       9.74772308949513E-7
822                       5.460330323295623E-7
823                       2.4772452186948047E-6
824                       1.2573672304412906E-5
825                       1.9340941396732928E-6
826                       1.006414789809979E-6
827                       6.31342535814891E-7
828                       4.1242613433276446E-7
829                       2.5717904376267545E-7
830                       1.3066265938003278E-7
831                       1.3501972643102041E-8
832                       1.1463618874921005E-7
833                       3.390540506991809E-7
834                       1.890805568899576E-7
835                       7.016282305906947E-7
836                       1.327471961781239E-6
837                       1.8300358646659868E-7
838                       7.55130244260869E-7
839                       7.979394379553255E-6
840                       5.747890448595456E-7
841                       5.102988775559321E-7
842                       1.9367524026564795E-8
843                       4.2839161189269274E-7
844                       8.994548594620147E-7
845                       1.956169961874299E-6
846                       1.629213395746403E-5
847                       1.85166835698025E-6
848                       2.4852508850010984E-6
849                       1.2203346224720769E-6
850                       8.38720300837737E-7
851                       6.205401595357257E-7
852                       4.7116623159554123E-7
853                       3.5181665717915894E-7
854                       2.213973223170623E-7
855                       3.7393991109534464E-7
856                       1.8638767207137424E-7
857                       1.056898285725824E-7
858                       3.5703879701998696E-8
859                       3.3071605630045695E-8
860                       1.0539242870999859E-7
861                       1.859448912475946E-7
862                       2.811552952572709E-7
863                       4.01631362539621E-7
864                       5.676590360902789E-7
865                       8.250687584771433E-7
866                       1.3061640165674278E-6
867                       2.6214656522445856E-6
868                       2.87564350577941E-5
869                       3.432388858799648E-6
870                       1.6392869747042201E-6
871                       1.0705277158570686E-6
872                       7.770931192059757E-7
873                       9.865784435786125E-7
874                       5.170959959367281E-7
875                       4.160729661065831E-7
876                       3.2884755625804304E-7
877                       3.007858422220152E-7
878                       2.3820787169754182E-7
879                       1.8840085627842029E-7
880                       1.4146424909393096E-7
881                       7.96287245254533E-8
882                       8.04952810886007E-8
883                       2.3834569638602593E-8
884                       3.9428024079645504E-8
885                       1.5324902743207788E-7
886                       9.371037055574263E-7
887                       3.1974823666524374E-7
888                       1.0399480236766873E-7
889                       2.335412871375433E-8
890                       5.191039300402275E-8
891                       4.997200318736684E-9
892                       6.250381010941182E-8
893                       9.973427564647023E-8
894                       1.3260606786033348E-7
895                       1.6474156063599188E-7
896                       1.980185876809392E-7
897                       2.3469272701022886E-7
898                       2.807892876911862E-7
899                       4.1419309898927063E-7
900                       2.947651753647545E-7
901                       3.7805559498267293E-7
902                       4.652324873526481E-7
903                       6.052449776132626E-7
904                       9.768082135836192E-7
905                       6.883416590907405E-6
906                       9.999932874539678E-8
907                       2.587505764056591E-7
908                       6.092608021155853E-7
909                       1.906337937440941E-6
910                       7.175605382502622E-8
911                       3.257653149860521E-7
912                       8.485100114099192E-7
913                       7.224630289958329E-8
914                       3.3220859896075906E-7
915                       4.700592979863384E-7
916                       6.226016918747897E-7
917                       9.10314041176005E-7
918                       4.462262341269854E-6
919                       2.105428694388562E-9
920                       5.066276994924362E-7
921                       4.052312008117784E-6
922                       4.0961267849023477E-7
923                       6.770170490527171E-7
924                       1.0552635117390504E-6
925                       2.1546246752437082E-6
926                       2.3916410670179966E-6
927                       1.9211956434413944E-7
928                       6.366568573835132E-7
929                       9.784662895407414E-7
930                       1.5409533773193229E-6
931                       5.623893816608131E-6
932                       5.85954399318991E-7
933                       4.76302439956406E-7
934                       1.0093408768967492E-6
935                       1.6167507156979087E-6
936                       2.7790424542867084E-6
937                       8.112310564193182E-6
938                       7.593577782115358E-6
939                       2.2261585345257378E-6
940                       1.0834239617980817E-6
941                       5.281421790204026E-7
942                       1.3627095990608655E-7
943                       2.9222167821029187E-7
944                       3.317961542036063E-6
945                       2.749178087089641E-7
946                       2.1349355592328142E-7
947                       5.232534989362796E-7
948                       9.43651566717293E-7
949                       1.7648842042796601E-6
950                       1.1471076566418771E-6
951                       2.048673936139163E-6
952                       4.488639167902999E-6
953                       2.2284800438675437E-5
954                       2.440640323354509E-6
955                       7.793605347703075E-7
956                       9.391566029551278E-8
957                       9.94766662370848E-7
958                       2.8214827406752327E-6
959                       3.992996086466445E-5
960                       3.7747401517694626E-6
961                       9.306725985361998E-7
962                       5.070481873347811E-6
963                       1.6316390912693476E-6
964                       9.169420523625169E-7
965                       2.1131814683222915E-7
966                       2.4084689922341027E-5
967                       1.390882605565758E-6
968                       7.807981403227445E-7
969                       4.354657628920142E-7
970                       8.946141501383833E-8
971                       4.58387212459714E-7
972                       2.5809368444747153E-6
973                       7.365506819191439E-7
974                       2.4959467232881685E-6
975                       1.3356119076783223E-6
976                       9.47939129865423E-7
977                       7.208642704712745E-7
978                       5.534065626794933E-7
979                       4.1059232558584027E-7
980                       2.740019066498879E-7
981                       1.286812698162794E-7
982                       4.4421105280507026E-8
983                       2.8046077647400183E-7
984                       6.68151753347315E-7
985                       1.5445274243693404E-6
986                       6.610658044754037E-6
987                       5.073015747702286E-6
988                       2.117688692965019E-6
989                       1.4117746642644487E-6
990                       1.081827017006554E-6
991                       8.82863805098781E-7
992                       7.444617013711664E-7
993                       6.382754651510113E-7
994                       5.496266601067239E-7
995                       4.665739770034404E-7
996                       3.501022689568357E-7
997                       5.163010852573719E-7
998                       3.602098867463337E-7
999                       2.806952377194126E-7
1000                      1.754748401421946E-7
1001                      2.076675186016522E-6
1002                      2.563703813626351E-7
1003                      9.982957969711862E-8
1004                      2.2698730592257237E-7
1005                      1.4150772468007969E-7
1006                      8.311487798727421E-8
1007                      2.92868362629294E-8
1008                      2.5200952354934343E-8
1009                      8.378989911469653E-8
1010                      1.6003391323896265E-7
1011                      2.1883800061451114E-7
1012                      3.105480151955059E-7
1013                      4.320740565615734E-7
1014                      6.40946825908657E-7
1015                      7.733757941530104E-7
1016                      7.360042748224386E-7
1017                      1.2348470971162664E-6
1018                      2.5986283125578853E-6
1019                      1.1670880720798241E-6
1020                      2.600346923441147E-6
1021                      8.194755020616197E-5
1022                      3.2920877270768062E-6
1023                      2.0828015083565104E-6
1024                      1.406303244376833E-6
1025                      1.0542886130484682E-6
1026                      8.170850327444297E-7
1027                      6.073430962245205E-7
1028                      2.3561238370871344E-6
1029                      4.822571227679472E-7
1030                      5.347893541010571E-7
1031                      5.167918954153262E-7
1032                      5.534155836888425E-7
1033                      3.939680566395607E-7
1034                      2.969609216960272E-7
1035                      2.0860212499964724E-7
1036                      1.1121914551726483E-7
1037                      2.5976465078538132E-8
1038                      4.5646608993505694E-7
1039                      2.6762932686949193E-7
1040                      1.4350439865662632E-7
1041                      5.528215665310449E-7
1042                      1.8328759772011568E-6
1043                      6.013108448557198E-6
1044                      1.415745395066848E-6
1045                      8.046176500004254E-7
1046                      3.983094667645702E-7
1047                      1.3251046481780727E-6
1048                      6.357471718943518E-7
1049                      4.928915645087948E-7
1050                      4.074351253958053E-7
1051                      3.428154825206651E-7
1052                      2.879257149926185E-7
1053                      2.3665358621812795E-7
1054                      1.8171697816678072E-7
1055                      9.440889901915995E-8
1056                      6.61585061533495E-7
1057                      1.7980477608986844E-7
1058                      1.1088120286320343E-7
1059                      5.971559319208674E-8
1060                      1.0441668234776921E-8
1061                      4.2308413676907075E-8
1062                      1.0308214915939655E-7
1063                      1.784041617975843E-7
1064                      2.805381677008415E-7
1065                      4.3797241049812367E-7
1066                      7.385793156825683E-7
1067                      1.6617302494363516E-6
1068                      1.4523010813860888E-5
1069                      1.3759958778659625E-6
1070                      6.932890810862756E-7
1071                      4.3076093241490164E-7
1072                      2.788766171635677E-7
1073                      1.696337891159737E-7
1074                      7.819439457651413E-8
1075                      8.474290721475561E-9
1076                      1.0084942948229668E-7
1077                      2.1290918315604183E-7
1078                      3.743716114043481E-7
1079                      6.857311101448185E-7
1080                      1.989783490771681E-6
1081                      2.0055139829058677E-6
1082                      4.6892367357335854E-7
1083                      8.627908111089586E-8
1084                      1.9726103690604487E-7
1085                      6.259492064277902E-7
1086                      3.849765128131883E-6
1087                      6.453055658406293E-7
1088                      5.928012528466477E-7
1089                      1.809431074587039E-6
1090                      4.0138967637099875E-7
1091                      2.3785986448122006E-7
1092                      4.456053034958782E-7
1093                      4.458011263731062E-8
1094                      4.233858897449388E-7
1095                      7.673438916422678E-7
1096                      3.296914696796541E-6
1097                      3.928308587602082E-6
1098                      1.217742998508468E-6
1099                      1.4172522439987711E-6
1100                      6.564075575937103E-7
1101                      3.514759757687199E-7
1102                      5.4237113327817626E-6
1103                      3.1625806621671113E-7
1104                      6.228228962077382E-8
1105                      1.7854020778591052E-5
1106                      4.777198025772665E-7
1107                      6.616065745829389E-7
1108                      3.308348912792058E-7
1109                      4.1592326914776575E-8
1110                      2.7760976763986876E-7
1111                      1.0167700771507936E-6
1112                      1.937669278813758E-5
1113                      1.9680253454046357E-6
1114                      1.0310145806494484E-6
1115                      8.452995530852101E-7
1116                      6.434990630474918E-7
1117                      5.21172661263686E-7
1118                      4.15630456847046E-7
1119                      2.306851123787832E-7
1120                      6.236736841015908E-7
1121                      4.054016177507286E-7
1122                      3.3422722663387556E-7
1123                      2.8374905516245033E-7
1124                      2.404178529301677E-7
1125                      1.9986801247520024E-7
1126                      1.5974256738463877E-7
1127                      1.1817788479761868E-7
1128                      7.319972785709906E-8
1129                      2.2233623541616754E-8
1130                      3.861040134768194E-8
1131                      1.1596092720473426E-7
1132                      2.2259309117932077E-7
1133                      3.872852769417322E-7
1134                      6.922005458427229E-7
1135                      1.5060797232159753E-6
1136                      1.335856677197818E-5
1137                      2.488623768492648E-6
1138                      1.2355002238491964E-6
1139                      8.516167792953085E-7
1140                      6.603677854215091E-7
1141                      5.424712260694974E-7
1142                      4.599570270224036E-7
1143                      3.9673615807024685E-7
1144                      3.443961199084806E-7
1145                      2.970304389918336E-7
1146                      2.4570138613265746E-7
1147                      4.2673516589113294E-8
1148                      2.3528851958009635E-7
1149                      1.6363359530919843E-7
1150                      5.740792630265479E-8
1151                      9.312694357104818E-6
1152                      3.218820595714635E-7
1153                      2.175399015597811E-7
1154                      1.665954716521764E-7
1155                      1.274547288315151E-7
1156                      9.083623598368497E-8
1157                      5.2102986716235326E-8
1158                      6.2783634607632966E-9
1159                      5.118295376161646E-8
1160                      1.4229437558663734E-7
1161                      3.2036338542057064E-7
1162                      9.52976982875508E-7
1163                      2.791470418291846E-6
1164                      6.719883189946161E-7
1165                      3.9533727895057316E-7
1166                      2.755619213976732E-7
1167                      2.001622626035152E-7
1168                      1.3890672461765586E-7
1169                      7.162820787878414E-8
1170                      7.049757235303712E-8
1171                      6.81121458535166E-7
1172                      1.81410615644295E-7
1173                      9.877245339332447E-8
1174                      4.182377529745408E-8
1175                      2.4486858632869568E-8
1176                      1.8234277379253011E-7
1177                      6.686352205464534E-7
1178                      1.252476428463294E-7
1179                      3.743145293714422E-8
1180                      1.75244231685193E-8
1181                      6.762773175885271E-8
1182                      1.2320213197057023E-7
1183                      1.949539536939625E-7
1184                      3.047395291348912E-7
1185                      5.23039369503087E-7
1186                      1.3276515386095698E-6
1187                      2.861002528978086E-6
1188                      6.509810359860448E-7
1189                      3.313431003864351E-7
1190                      1.8783108437469937E-7
1191                      8.922058397896576E-8
1192                      2.9529385121399005E-7
1193                      1.9858684225650642E-7
1194                      4.066239318055981E-8
1195                      1.4936497171009148E-7
1196                      2.970027406969705E-8
1197                      2.0779270140075843E-7
1198                      3.826044518757766E-7
1199                      7.962249024376606E-7
1200                      2.146905168889378E-5
1201                      7.06681600734244E-7
1202                      2.125022955020817E-7
1203                      1.636675762902751E-7
1204                      7.823878985099836E-6
1205                      2.8678343636517623E-7
1206                      9.339679076960691E-8
1207                      2.007172244035239E-8
1208                      1.307780854257996E-7
1209                      2.931793934201909E-7
1210                      8.06355347821019E-7
1211                      1.0252652186603759E-6
1212                      1.1360279052328018E-7
1213                      1.443780675221159E-7
1214                      4.669135802171928E-7
1215                      2.5275571310073783E-6
1216                      8.258584318137025E-7
1217                      2.3361781353929807E-7
1218                      1.568207691107953E-9
1219                      2.018432477999814E-7
1220                      5.047637891210562E-7
1221                      1.388325611436121E-6
1222                      7.445106375535908E-6
1223                      1.1637641334893057E-6
1224                      6.379975272604548E-7
1225                      4.2779638209004247E-7
1226                      3.066643112942268E-7
1227                      2.227619493397428E-7
1228                      1.5748444701874565E-7
1229                      1.0228040758489918E-7
1230                      5.2447302394800856E-8
1231                      4.941151097219277E-9
1232                      4.258018762695273E-8
1233                      9.22871355476513E-8
1234                      1.4658946114119681E-7
1235                      2.0861043970446906E-7
1236                      2.8293755994697686E-7
1237                      3.7707635391019227E-7
1238                      5.047238394484229E-7
1239                      6.944181319075863E-7
1240                      1.017979692909737E-6
1241                      1.7245701015960872E-6
1242                      4.684022815861559E-6
1243                      7.61134321570113E-6
1244                      2.132194087605128E-6
1245                      1.2089574642014412E-6
1246                      1.171791621543921E-6
1247                      6.871294440903974E-7
1248                      5.128591385398328E-7
1249                      3.5525551859440406E-7
1250                      8.014730334011763E-8
1251                      5.813675615430004E-7
1252                      3.6805643740491565E-7
1253                      2.7115385069283137E-7
1254                      1.8938840660649345E-7
1255                      9.614817307376163E-8
1256                      5.396521299905247E-8
1257                      5.501601261975321E-7
1258                      1.5997308638124725E-6
1259                      4.81823306564523E-7
1260                      6.250241658352982E-7
1261                      3.352278850575569E-7
1262                      2.3292943731275493E-7
1263                      1.685626730036091E-7
1264                      1.0288282633964624E-7
1265                      2.619955601438278E-9
1266                      8.49044062284983E-7
1267                      2.807235584619604E-7
1268                      8.53531322460582E-9
1269                      2.4576647399476256E-7
1270                      4.51794784890614E-6
1271                      3.9955685651173357E-7
1272                      2.6575083905376286E-7
1273                      5.050285788397201E-7
1274                      3.2889421195867486E-7
1275                      2.5765885384673004E-7
1276                      2.1231009372376998E-7
1277                      1.7723727037049225E-7
1278                      1.4459457019141998E-7
1279                      9.351778149105953E-8
1280                      2.1282943154384516E-7
1281                      1.2972135834567902E-7
1282                      1.0404095628073428E-7
1283                      8.518017994435386E-8
1284                      6.878787684984201E-8
1285                      5.361290481275122E-8
1286                      3.908359178386374E-8
1287                      2.48487402275796E-8
1288                      1.0637218996091467E-8
1289                      3.8048805129008966E-9
1290                      1.8758959902631945E-8
1291                      3.4587313155658505E-8
1292                      5.1827410946771814E-8
1293                      7.140731665551041E-8
1294                      9.52682925543623E-8
1295                      1.2884044207171775E-7
1296                      1.9903223962167753E-7
1297                      1.4753802889260924E-6
1298                      6.199531083758915E-8
1299                      1.3945520691108326E-7
1300                      2.0321838730533377E-7
1301                      2.9090657828990394E-7
1302                      4.7041693971015477E-7
1303                      1.370799942202641E-6
1304                      9.421022957044526E-7
1305                      2.478900121321248E-7
1306                      8.206003938007646E-8
1307                      5.587205707940186E-9
1308                      7.584269398958897E-8
1309                      2.1616283402308962E-7
1310                      4.643974082707838E-8
1311                      1.3774666912216292E-7
1312                      1.539126981744894E-7
1313                      2.3338578207501104E-7
1314                      2.9569560806736573E-7
1315                      3.726625459935425E-7
1316                      4.795492781535275E-7
1317                      6.491479804820287E-7
1318                      9.806721743374891E-7
1319                      1.9997382964400833E-6
1320                      2.440861416213341E-5
1321                      1.5844444559401727E-6
1322                      7.615911074309676E-7
1323                      4.607912961723322E-7
1324                      2.910086365625908E-7
1325                      1.5276405017503473E-7
1326                      3.003437059683257E-7
1327                      2.6257498016348796E-7
1328                      1.3709148140041534E-7
1329                      7.68548373829251E-8
1330                      3.2720447893481486E-8
1331                      4.350703134036665E-9
1332                      3.777838637334322E-8
1333                      6.94386430145062E-8
1334                      1.0074029756831365E-7
1335                      1.3339226159341463E-7
1336                      1.7861344954331195E-7
1337                      1.9506540685752308E-7
1338                      2.419832519719994E-7
1339                      3.0375586429497826E-7
1340                      4.2813471413722845E-7
1341                      8.256244835504248E-5
1342                      1.4339292328337376E-7
1343                      2.835078155432547E-7
1344                      3.7241639923459484E-7
1345                      4.604218343443526E-7
1346                      5.64579788212231E-7
1347                      7.02999055216701E-7
1348                      9.097784316877533E-7
1349                      1.2735580666292867E-6
1350                      2.140475571848003E-6
1351                      7.689939212933093E-6
1352                      4.024547038993923E-6
1353                      1.4078157498168493E-6
1354                      7.345356116858293E-7
1355                      3.7743181474143025E-7
1356                      2.8216282893509294E-8
1357                      1.8667682114425907E-6
1358                      2.681129709099649E-7
1359                      5.162323553708785E-8
1360                      1.1226702891195915E-7
1361                      2.943217920874988E-7
1362                      5.643968170107781E-7
1363                      1.1670890862634412E-6
1364                      6.249963055102017E-6
1365                      1.979635754730425E-6
1366                      7.656881312190141E-7
1367                      3.797647716473126E-7
1368                      1.4587126216836698E-7
1369                      5.49796908009807E-8
1370                      2.821554071348403E-7
1371                      6.195567021676753E-7
1372                      1.3410405168705144E-6
1373                      5.204160258096343E-6
1374                      4.345756576593191E-6
1375                      1.6892726753490796E-6
1376                      1.071577029407967E-6
1377                      7.728504171737283E-7
1378                      5.643178167057164E-7
1379                      3.088942798271991E-7
1380                      3.7819963862189586E-6
1381                      6.839001769859792E-7
1382                      5.165058110789137E-7
1383                      4.306099608294579E-7
1384                      3.675879116052758E-7
1385                      3.101047974356685E-7
1386                      2.3228253200644834E-7
1387                      3.177082837342754E-6
1388                      3.225775430174872E-7
1389                      2.4770345229735854E-7
1390                      1.318995479241866E-7
1391                      2.9273677637171783E-7
1392                      2.232369194643789E-7
1393                      1.9152415615860573E-7
1394                      1.6709123850430061E-7
1395                      1.4548272619728805E-7
1396                      1.2510017991082076E-7
1397                      1.0496596919887135E-7
1398                      8.401833992420772E-8
1399                      5.7545505608932266E-8
1400                      4.10724078996313E-8
1401                      7.829306553326809E-9
1402                      4.1218349833211415E-8
1403                      1.532722698636237E-7
1404                      2.3284605507707484E-6
1405                      2.6272329527119745E-7
1406                      1.115275045618898E-7
1407                      3.161473030783229E-8
1408                      1.4086341877931163E-6
1409                      8.115029714385453E-8
1410                      2.823341650009219E-8
1411                      4.283361480670606E-9
1412                      3.2705506804090914E-8
1413                      6.126988683814486E-8
1414                      9.264056155256059E-8
1415                      1.299165433090791E-7
1416                      1.783113438038461E-7
1417                      2.490284723621048E-7
1418                      3.733796576297197E-7
1419                      6.88774590496751E-7
1420                      4.5033495414961374E-6
1421                      8.776447360127437E-7
1422                      3.5268700355018877E-7
1423                      1.8871461947868495E-7
1424                      1.0195430334034567E-7
1425                      4.35712498095182E-8
1426                      1.997831723177964E-9
1427                      4.15033178110914E-8
1428                      7.864080333775548E-8
1429                      1.1597380168701982E-7
1430                      1.5581776250546962E-7
1431                      2.008875970783207E-7
1432                      2.551423248468082E-7
1433                      3.2547408567219805E-7
1434                      4.26134691569437E-7
1435                      5.938516566831522E-7
1436                      9.657243300562954E-7
1437                      2.9278539245088107E-6
1438                      1.943988450267235E-6
1439                      5.230349072488373E-7
1440                      1.4103722250484996E-7
1441                      1.421096161415518E-7
1442                      6.730939176259145E-7
1443                      4.378074095197819E-6
1444                      4.557793837033447E-7
1445                      2.831146857150868E-7
1446                      8.618180333494148E-7
1447                      3.5310248190407766E-7
1448                      2.0035191100447153E-7
1449                      1.025181381521439E-7
1450                      1.9443789305232148E-8
1451                      6.605645759531302E-8
1452                      1.7128748569658558E-7
1453                      3.307345507120534E-7
1454                      6.606790746696905E-7
1455                      2.12373167953595E-6
1456                      2.7181734446997592E-6
1457                      8.931653149339963E-7
1458                      5.381670984026302E-7
1459                      3.716479342370462E-7
1460                      5.358769423122843E-7
1461                      2.5344823696406393E-7
1462                      1.9762885295128727E-7
1463                      1.5888547711561904E-7
1464                      1.2451102133329557E-7
1465                      9.541475140450226E-8
1466                      6.930326939233034E-8
1467                      4.507794152713139E-8
1468                      2.1953317516746402E-8
1469                      7.305433127658992E-10
1470                      2.366191874851028E-8
1471                      4.800171413896545E-8
1472                      8.612078673811478E-8
1473                      9.020071839844386E-8
1474                      1.2189015553860313E-7
1475                      1.5608497465894666E-7
1476                      1.967442205348077E-7
1477                      2.482890175707608E-7
1478                      3.1882295320385294E-7
1479                      4.262411708677057E-7
1480                      6.203036596945674E-7
1481                      1.1119976535142938E-6
1482                      5.742887079538305E-6
1483                      1.662626661128364E-6
1484                      6.759367828888104E-7
1485                      3.931230149963755E-7
1486                      2.526327163691949E-7
1487                      1.6208395136139488E-7
1488                      5.568418384561781E-8
1489                      7.763502553422079E-8
1490                      2.8881950290840016E-8
1491                      9.45448788658658E-9
1492                      4.4402562592565625E-8
1493                      7.857836531711297E-8
1494                      1.1423614565135842E-7
1495                      1.546788356866869E-7
1496                      2.0782816802775444E-7
1497                      3.1000113086603054E-7
1498                      2.3200340515437985E-5
1499                      1.0417065082082357E-7
1500                      2.1913543285977896E-7
1501                      2.9780784094523884E-7
1502                      3.802303432054465E-7
1503                      4.839455206781741E-7
1504                      6.358317428623158E-7
1505                      9.187433301672593E-7
1506                      2.2238218016128897E-6
1507                      4.188899769356374E-7
1508                      2.080284892376875E-6
1509                      3.216146625656858E-5
1510                      2.0998751272131593E-6
1511                      1.0515751488303865E-6
1512                      3.7099319740877367E-7
1513                      5.982666474725986E-7
1514                      4.327160488012184E-7
1515                      3.294238128709367E-7
1516                      2.515980028542768E-7
1517                      1.866767034742572E-7
1518                      1.268580897558952E-7
1519                      6.342678258308215E-8
1520                      2.517679744478109E-8
1521                      3.070841707919578E-7
1522                      4.483950618893713E-7
1523                      1.317737465683839E-7
1524                      3.80070589300546E-8
1525                      3.329920864303878E-8
1526                      1.139327240302697E-7
1527                      2.4561130351321224E-7
1528                      6.768923480259514E-7
1529                      1.4044770451800022E-6
1530                      2.93634527622797E-7
1531                      1.1278793666529715E-7
1532                      1.7056215528629622E-8
1533                      6.072543736565213E-8
1534                      1.4614665456268336E-7
1535                      2.7404586660233586E-7
1536                      5.858471685777352E-7
1537                      1.1396695252552865E-5
1538                      6.104844852184876E-7
1539                      2.5004924797629114E-7
1540                      1.1664374556792287E-7
1541                      2.4793207129137146E-8
1542                      2.535284853876465E-8
1543                      9.922246234519084E-8
1544                      2.5377901258305513E-7
1545                      4.924571373653903E-7
1546                      7.603475728563613E-9
1547                      7.742914258499351E-8
1548                      1.3141803821322016E-7
1549                      1.7839312974411476E-7
1550                      2.253336861252774E-7
1551                      2.763111494414431E-7
1552                      3.3545531204601766E-7
1553                      4.0880713055820417E-7
1554                      5.075472390568573E-7
1555                      6.57374985402949E-7
1556                      9.387299774063065E-7
1557                      1.8398445028585624E-6
1558                      4.141470666445742E-6
1559                      2.3770847749817002E-7
1560                      7.271069967240113E-7
1561                      1.7647076325904815E-6
1562                      3.3060627122954354E-8
1563                      1.0540147480172802E-6
1564                      4.620061384782363E-6
1565                      8.717206317053339E-7
1566                      4.096479331753685E-7
1567                      1.77748228508484E-7
1568                      6.328386847901779E-9
1569                      2.2934032921936143E-7
1570                      9.312787674373222E-7
1571                      5.109821799682642E-7
1572                      1.0791134240317163E-7
1573                      4.652699802396382E-7
1574                      1.0823026360701447E-6
1575                      4.424775034582993E-6
1576                      2.977085388336917E-6
1577                      1.09147340364623E-6
1578                      5.511005491428219E-7
1579                      7.701559611783563E-8
1580                      7.852042935272117E-6
1581                      1.022425102592898E-6
1582                      6.317658241408689E-7
1583                      4.739174566738129E-7
1584                      3.761689036447468E-7
1585                      3.0385019784273154E-7
1586                      2.445764329243715E-7
1587                      1.923591724976317E-7
1588                      1.4355884993153598E-7
1589                      9.540737342018205E-8
1590                      4.522868097870655E-8
1591                      1.0250651690845323E-8
1592                      7.594217636717728E-8
1593                      1.606358093574691E-7
1594                      2.8315764560066376E-7
1595                      4.945923028925591E-7
1596                      1.0047064320204475E-6
1597                      5.04542237627063E-6
1598                      2.030193769468438E-6
1599                      8.63021561364876E-7
1600                      5.306530507314049E-7
1601                      3.553410139134907E-7
1602                      2.2987619654162803E-7
1603                      1.1701809389502733E-7
1604                      1.661840629595885E-8
1605                      2.2823568158766096E-7
1606                      8.163703876757412E-7
1607                      8.7075194027673E-6
1608                      9.894911147947483E-7
1609                      5.491031546021355E-7
1610                      3.4786672989343346E-7
1611                      1.691647317497921E-7
1612                      2.022846139074751E-7
1613                      3.0028024499247145E-6
1614                      6.966267417840389E-7
1615                      4.855545734568041E-7
1616                      3.9445143671454594E-7
1617                      3.338236369162734E-7
1618                      3.0087016944544764E-7
1619                      2.700382678921192E-7
1620                      2.448145603369642E-7
1621                      2.2325893939486764E-7
1622                      2.0426635753827142E-7
1623                      1.871217505557617E-7
1624                      1.7131981523828346E-7
1625                      1.5646910975491499E-7
1626                      1.4222768529302127E-7
1627                      1.2823886272137076E-7
1628                      1.1401723623670558E-7
1629                      9.858711903978256E-8
1630                      7.822178286564963E-8
1631                      4.502599430303747E-7
1632                      7.383888154736088E-8
1633                      4.1757043504777855E-8
1634                      1.891078317970309E-8
1635                      3.770706710571621E-7
1636                      8.754703343587984E-8
1637                      4.227913840965586E-8
1638                      5.480876069717318E-9
1639                      5.0671771679316045E-8
1640                      3.967097029007976E-7
1641                      1.724693279016505E-7
1642                      4.0538791395227306E-8
1643                      5.466334148256073E-8
1644                      8.085599090019301E-7
1645                      1.926813914001275E-7
1646                      3.676781202099932E-8
1647                      1.814894526337894E-7
1648                      7.540679396559229E-8
1649                      4.1284916683583006E-8
1650                      1.6806830171604344E-8
1651                      5.239102090072239E-9
1652                      2.78806789288988E-8
1653                      5.387427769945621E-8
1654                      8.77534688614051E-8
1655                      1.4090184643100972E-7
1656                      2.598688772571925E-7
1657                      1.2685621119409821E-6
1658                      3.2352892904876106E-7
1659                      8.518060138174247E-8
1660                      4.382885365363151E-9
1661                      7.810127435645787E-8
1662                      1.815892563774478E-7
1663                      4.675695101304035E-7
1664                      2.586719519722496E-6
1665                      3.3964376387854785E-7
1666                      1.5237280529678782E-7
1667                      5.7476506151547324E-8
1668                      5.515430876108297E-8
1669                      1.902163784611726E-6
1670                      2.291080115641206E-7
1671                      1.1851316896412532E-7
1672                      7.465104723491749E-8
1673                      4.7407185889827426E-8
1674                      2.7066831759324832E-8
1675                      1.0286123108999439E-8
1676                      4.472800093246174E-9
1677                      1.8075731501659537E-8
1678                      3.1109759943874295E-8
1679                      4.406652293900959E-8
1680                      5.7473086194610586E-8
1681                      7.206010918969887E-8
1682                      8.911476176569315E-8
1683                      1.115111378387326E-7
1684                      1.4794435658135062E-7
1685                      2.4523913346139353E-7
1686                      1.4768241937056508E-6
1687                      4.247999637293741E-8
1688                      3.314023812703287E-8
1689                      6.664164061015988E-8
1690                      8.941515316627611E-8
1691                      1.0856208745771081E-7
1692                      1.2730356926432816E-7
1693                      1.497894062603014E-7
1694                      2.0375577023288104E-7
1695                      9.640858614966832E-8
1696                      1.5269506752573123E-7
1697                      1.7655830657547724E-7
1698                      1.9684904514665597E-7
1699                      2.170580838495769E-7
1700                      2.384899442675875E-7
1701                      2.6207791881075134E-7
1702                      2.888344392183239E-7
1703                      3.2014073047116965E-7
1704                      3.5817184206628826E-7
1705                      4.0683088156321006E-7
1706                      4.7437970825253445E-7
1707                      5.83428336499597E-7
1708                      8.35994078114422E-7
1709                      6.984382615903161E-6
1710                      4.5332775720175606E-8
1711                      4.102922312471055E-7
1712                      6.60943380076453E-7
1713                      1.0092798878216887E-6
1714                      1.7998337396522097E-6
1715                      7.68719130179234E-6
1716                      3.024258793500321E-6
1717                      1.1292514551483444E-6
1718                      5.957166719732793E-7
1719                      2.960465415931988E-7
1720                      3.2856361256843946E-9
1721                      1.0266683013139893E-6
1722                      9.282788899507969E-7
1723                      3.8308178508993603E-7
1724                      1.9311146220473074E-7
1725                      4.206666862989336E-8
1726                      1.7911094429619162E-7
1727                      1.5564668551838116E-6
1728                      6.250583314186223E-7
1729                      1.9868533969233137E-7
1730                      7.884308938595615E-8
1731                      2.005783603105289E-6
1732                      6.910092187139045E-7
1733                      3.6790222206984625E-7
1734                      2.8180865218241356E-7
1735                      1.9417671887935066E-7
1736                      1.4731302442702306E-7
1737                      1.0602714712480803E-7
1738                      1.5228065980053754E-8
1739                      8.997383120377334E-8
1740                      5.5833849788782594E-8
1741                      3.145164075677341E-8
1742                      9.641411502550308E-9
1743                      1.1341571290664298E-8
1744                      3.251980483447309E-8
1745                      5.4893666516019997E-8
1746                      7.981088350009356E-8
1747                      1.095220968893408E-7
1748                      1.4853975155013133E-7
1749                      2.0825071106127027E-7
1750                      3.231401849440115E-7
1751                      7.616447311302284E-7
1752                      1.2756059199052382E-6
1753                      2.663164642936263E-7
1754                      1.0809296121684332E-7
1755                      3.7363846440023425E-8
1756                      6.585290592808831E-9
1757                      3.9146825998966035E-8
1758                      6.614574587564742E-8
1759                      9.041466625918867E-8
1760                      1.1369363823361698E-7
1761                      1.3742024661409088E-7
1762                      1.6333225282068817E-7
1763                      1.9457037389293234E-7
1764                      2.396251398405159E-7
1765                      3.395515310320346E-7
1766                      6.287024744889602E-5
1767                      5.621460674218895E-8
1768                      1.5986266277216638E-7
1769                      2.1264375601511975E-7
1770                      2.580148216749415E-7
1771                      2.8027982212364146E-7
1772                      3.3232228048927234E-7
1773                      3.8371718259229874E-7
1774                      4.456218121830818E-7
1775                      5.260449438445156E-7
1776                      6.395373026369711E-7
1777                      8.195186930221816E-7
1778                      1.168421846762059E-6
1779                      2.279666832881969E-6
1780                      2.6177889856175856E-6
1781                      4.952315093603236E-6
1782                      1.108297110115976E-6
1783                      5.707078166005886E-7
1784                      3.292053435984394E-7
1785                      1.8195393541996168E-7
1786                      7.529397126131074E-8
1787                      1.2719181586225009E-8
1788                      9.516594693233772E-8
1789                      1.8858229522304352E-7
1790                      4.788351755383749E-7
1791                      2.4078575211777424E-7
1792                      4.0388843981409464E-7
1793                      6.134736587848097E-7
1794                      1.0677302880823034E-6
1795                      4.518822273726238E-6
1796                      1.2309346019833305E-6
1797                      1.09234686909049E-7
1798                      2.620652102396224E-6
1799                      6.450585542771686E-7
1800                      2.24921203190602E-7
1801                      3.2188957258318236E-8
1802                      1.2022039910074471E-7
1803                      2.820319470492197E-7
1804                      5.032987623812734E-7
1805                      9.204494202452309E-7
1806                      8.482843249164152E-5
1807                      2.8845595344956963E-5
1808                      1.7445810580304857E-6
1809                      8.976106921103545E-7
1810                      5.83001343226374E-7
1811                      4.086380718319609E-7
1812                      2.9080636438030513E-7
1813                      2.001807375523902E-7
1814                      1.2320164464389285E-7
1815                      5.1960023945487624E-8
1816                      1.95389183500887E-8
1817                      9.747545763000787E-8
1818                      1.9046596710562476E-7
1819                      3.1398611340154105E-7
1820                      5.031123505340318E-7
1821                      8.64709098438473E-7
1822                      1.973998511401997E-6
1823                      2.031568414005739E-5
1824                      1.7716742376101487E-6
1825                      9.648980309071597E-7
1826                      6.341373158634974E-7
1827                      4.593646055219979E-7
1828                      3.416080146460788E-7
1829                      2.4921294751889857E-7
1830                      1.660106559575532E-7
1831                      7.836242370018769E-8
1832                      3.6852859666607204E-8
1833                      2.6537312312524494E-7
1834                      2.913608175923524E-6
1835                      4.520626120668777E-7
1836                      4.585705747943419E-8
1837                      1.3415697431801946E-5
1838                      6.13961731532869E-7
1839                      3.388292896364926E-7
1840                      2.1113316647295364E-7
1841                      1.0699692227202656E-7
1842                      2.3824099108756037E-8
1843                      3.267258727956486E-7
1844                      1.4161477463925165E-5
1845                      6.354151720643382E-7
1846                      3.705622832110891E-7
1847                      2.651737095400488E-7
1848                      2.0055464120605927E-7
1849                      1.5158736825539325E-7
1850                      1.0903091456295549E-7
1851                      6.784836985746718E-8
1852                      2.382198042152311E-8
1853                      2.85553176843185E-8
1854                      9.96176866558221E-8
1855                      2.1587724353550352E-7
1856                      4.811030674417417E-7
1857                      2.199047571291413E-6
1858                      1.282088118257587E-6
1859                      5.401487437601019E-7
1860                      3.459115955957458E-7
1861                      2.491765875938125E-7
1862                      1.8610435440219226E-7
1863                      1.373807963205908E-7
1864                      9.43002814868187E-8
1865                      5.0823242926809014E-8
1866                      6.898811217482216E-10
1867                      7.893630986371903E-8
1868                      2.8631467092115815E-7
1869                      1.2120525792000847E-6
1870                      1.324911103324369E-7
1871                      1.6167349837634097E-7
1872                      7.660388202805593E-7
1873                      1.9971030545664992E-7
1874                      8.62356914034166E-8
1875                      7.3578639939544695E-9
1876                      7.870585892650365E-8
1877                      2.1067979860073801E-7
1878                      5.246169194144334E-7
1879                      3.821578636524708E-6
1880                      1.0850474437081054E-6
1881                      5.297437167913081E-7
1882                      3.643230307828423E-7
1883                      2.815572753920077E-7
1884                      2.3008765070927216E-7
1885                      1.9390303231424337E-7
1886                      1.663677948086835E-7
1887                      1.4422127779832257E-7
1888                      1.2566535538880347E-7
1889                      1.0962114685251055E-7
1890                      9.539760957252649E-8
1891                      8.252793287943188E-8
1892                      7.068208501224938E-8
1893                      5.96169195732601E-8
1894                      4.9146049379104486E-8
1895                      3.912064239642942E-8
1896                      2.9416426017009765E-8
1897                      1.9924180435513992E-8
1898                      1.0541942295092171E-8
1899                      1.167434415807183E-9
1900                      8.311131615160907E-9
1901                      1.802948129348011E-8
1902                      2.817693377559022E-8
1903                      3.907989315691939E-8
1904                      5.1572046148651306E-8
1905                      7.140310749448515E-8
1906                      5.878545076387613E-8
1907                      8.307148201495523E-8
1908                      1.034069000835638E-7
1909                      1.287620559477467E-7
1910                      1.66330812133599E-7
1911                      2.3863233056508913E-7
1912                      5.235384766341636E-7
1913                      3.0600664011748417E-7
1914                      3.002795401374665E-7
1915                      2.0176512825368859E-7
1916                      4.3147635675274256E-8
1917                      1.0466342040512165E-8
1918                      4.2788549805272786E-8
1919                      6.701721905184025E-8
1920                      8.748070212776939E-8
1921                      1.0611888970078979E-7
1922                      1.2399591807330828E-7
1923                      1.4180161589215155E-7
1924                      1.600593261064557E-7
1925                      1.792299989532547E-7
1926                      1.997766458409442E-7
1927                      2.2221602833796115E-7
1928                      2.471726978052978E-7
1929                      2.754484284158876E-7
1930                      3.081241065331337E-7
1931                      3.4672278214529675E-7
1932                      3.934889973974338E-7
1933                      4.519004150588581E-7
1934                      5.276793730219181E-7
1935                      6.309932032690264E-7
1936                      7.818902546850501E-7
1937                      1.0264240262691207E-6
1938                      1.5008786961036835E-6
1939                      2.9049934099632466E-6
1940                      4.691781723880748E-6
1941                      5.039103385500259E-6
1942                      1.7840688004089724E-6
1943                      1.0833986748078265E-6
1944                      7.640638007694259E-7
1945                      5.775004846511522E-7
1946                      4.526169413355087E-7
1947                      3.6090114915024776E-7
1948                      2.8831864861132744E-7
1949                      2.2660806175919825E-7
1950                      1.695555510736804E-7
1951                      1.1004845445649892E-7
1952                      3.323092054881468E-8
1953                      1.2746499762837295E-7
1954                      8.825263692839378E-6
1955                      1.9904251792134057E-7
1956                      2.2320366613839854E-7
1957                      1.2434155903863987E-7
1958                      6.444036894832518E-8
1959                      1.0492233945717977E-8
1960                      5.058961416763634E-8
1961                      1.4243969891135855E-7
1962                      5.833642604924667E-7
1963                      1.4181580132099502E-7
1964                      5.660334219094618E-7
1965                      1.9994569777928623E-5
1966                      5.265566580093529E-7
1967                      6.00828359800003E-8
1968                      2.019902010967171E-6
1969                      7.160088299507724E-7
1970                      4.085516069762206E-7
1971                      3.0063232266060324E-7
1972                      2.396061808339632E-7
1973                      1.9776473569613635E-7
1974                      1.6574616101823975E-7
1975                      1.3926173157267887E-7
1976                      1.157720762763628E-7
1977                      9.603385204374656E-8
1978                      7.161272781533043E-8
1979                      4.4762951984317205E-8
1980                      4.639084739136113E-9
1981                      9.896493526339682E-8
1982                      1.2583740298564695E-6
1983                      1.8847533803126436E-7
1984                      1.158238008554347E-7
1985                      8.377723810610696E-8
1986                      6.276103816625528E-8
1987                      4.6004510498835454E-8
1988                      3.061624460279056E-8
1989                      1.369405202921677E-8
1990                      1.6024035828957323E-8
1991                      1.9819645778800542E-7
1992                      2.6618881285544157E-8
1993                      5.366111084570323E-9
1994                      8.325872386894975E-9
1995                      2.0119340306051234E-8
1996                      3.147282035628416E-8
1997                      4.3148774971684194E-8
1998                      5.5908512233234537E-8
1999                      7.105660489090276E-8
2000                      9.20711005355244E-8
