% Model:              frequency_response_and_eigenfrequencies_rayleigh_damping.mph
% Version:            COMSOL 5.2.0.220
% Date:               Dec 25 2018, 01:18
% Dimension:          1
% Nodes:              2001
% Expressions:        1
% Description:        Point graph
% x                       Height
0                         0
1                         6.118665854214302
2                         5.972817989624825
3                         5.855107811566634
4                         5.765072538526095
5                         5.696942377500452
6                         5.643747653507716
7                         5.59931438502335
8                         5.558878104580261
9                         5.5191105918625265
10                        5.477961224559588
11                        5.434463795338829
12                        5.388548368315672
13                        5.340853927379422
14                        5.292525102642522
15                        5.244982644715037
16                        5.199674990123178
17                        5.157837142771351
18                        5.1202930285110515
19                        5.087334308271278
20                        5.058695836266136
21                        5.033631621050635
22                        5.011078475932388
23                        4.989877971728068
24                        4.969012844654127
25                        4.947807199009819
26                        4.926046212166919
27                        4.903991029897755
28                        4.8822920367737375
29                        4.861829019473876
30                        4.843521234025185
31                        4.82815025851948
32                        4.816226675871831
33                        4.807915782233297
34                        4.803024984690924
35                        4.801048683753303
36                        4.801262328739734
37                        4.802851793683612
38                        4.8050562708938624
39                        4.807296095937217
40                        4.809256763416319
41                        4.810909900480332
42                        4.812469148232599
43                        4.81429754373959
44                        4.816795864792607
45                        4.82030373409084
46                        4.825036792463576
47                        4.831067992028729
48                        4.838345447128318
49                        4.846729349394595
50                        4.85602937981958
51                        4.866030811637239
52                        4.876507413119546
53                        4.8872265870275795
54                        4.89795349107065
55                        4.9084569539561995
56                        4.918514843091847
57                        4.927914323788397
58                        4.936444698224011
59                        4.943885447938852
60                        4.949996261372156
61                        4.954516506968123
62                        4.957178448030498
63                        4.957733318572265
64                        4.9559847850547225
65                        4.951822111060621
66                        4.945245828907652
67                        4.936381051253949
68                        4.925476522494005
69                        4.912890197447878
70                        4.899064085883716
71                        4.884492174367901
72                        4.869685449133374
73                        4.855137531798217
74                        4.8412934948550586
75                        4.828523448185112
76                        4.817101827520805
77                        4.807193090323308
78                        4.798844575509982
79                        4.791987300711531
80                        4.786445184538874
81                        4.781952502571528
82                        4.778178427584032
83                        4.774756512269165
84                        4.771316217935418
85                        4.767513276763669
86                        4.763055873062507
87                        4.757724278030871
88                        4.751382512577359
89                        4.743981648053613
90                        4.735555315431412
91                        4.726208764273613
92                        4.716103333436715
93                        4.705438441732793
94                        4.6944331778970945
95                        4.68330928689492
96                        4.672276867342796
97                        4.6615235015441545
98                        4.651206948963742
99                        4.641451057699742
100                       4.632344266669333
101                       4.623940006433633
102                       4.616258423431248
103                       4.609289070032771
104                       4.602994425675374
105                       4.597314263572472
106                       4.5921709104409345
107                       4.587475365415996
108                       4.5831340867048596
109                       4.579056076157246
110                       4.575159749718242
111                       4.571379016510383
112                       4.567668019687571
113                       4.564004112419085
114                       4.56038882847007
115                       4.55684682368719
116                       4.553422975289997
117                       4.55017799925951
118                       4.5471830614814746
119                       4.5445139075456344
120                       4.542245022426119
121                       4.540444267259292
122                       4.539168342592659
123                       4.53845931428226
124                       4.538342325039087
125                       4.53882451309525
126                       4.539895075962941
127                       4.541526354404732
128                       4.543675767933671
129                       4.546288406716293
130                       4.549300071768751
131                       4.55264055384215
132                       4.556236949140572
133                       4.560016825994187
134                       4.563911079979227
135                       4.567856344833167
136                       4.571796861845322
137                       4.575685749401753
138                       4.5794856548213065
139                       4.583168810064815
140                       4.586716548598759
141                       4.590118370299618
142                       4.593370662735435
143                       4.596475199633826
144                       4.5994375399039225
145                       4.602265444378652
146                       4.604967413175748
147                       4.6075514263940685
148                       4.61002394682326
149                       4.6123892177905175
150                       4.61464886430131
151                       4.61680178336972
152                       4.618844290941442
153                       4.620770479376435
154                       4.622572731124235
155                       4.624242331067437
156                       4.625770121351829
157                       4.627147147643189
158                       4.628365253462547
159                       4.62941758881673
160                       4.630299009467305
161                       4.631006353244986
162                       4.6315385890712495
163                       4.631896842448212
164                       4.632084307618529
165                       4.632106061720303
166                       4.631968799496761
167                       4.631680509211315
168                       4.631250110974013
169                       4.63068707833241
170                       4.630001062535181
171                       4.629201536837996
172                       4.628297475614309
173                       4.627297079967867
174                       4.6262075583528395
175                       4.625034967464846
176                       4.623784115405239
177                       4.622458526201768
178                       4.621060462074434
179                       4.619590997666057
180                       4.618050138619487
181                       4.616436975784528
182                       4.6147498655470045
183                       4.612986626665087
184                       4.611144744255074
185                       4.609221572274006
186                       4.6072145268531575
187                       4.605121264046746
188                       4.602939836945911
189                       4.600668828519819
190                       4.5983074578786
191                       4.595855659018753
192                       4.59331413215295
193                       4.590684368781268
194                       4.587968652346449
195                       4.585170036980664
196                       4.582292307163559
197                       4.579339921397529
198                       4.576317943062563
199                       4.573231961568964
200                       4.57008800682668
201                       4.566892459805715
202                       4.563651961775735
203                       4.560373324466088
204                       4.557063443160418
205                       4.553729214391795
206                       4.550377459618836
207                       4.547014855993939
208                       4.54364787502223
209                       4.5402827296561625
210                       4.536925330134052
211                       4.533581248612873
212                       4.530255692456134
213                       4.526953485846267
214                       4.523679059209178
215                       4.520436445845376
216                       4.517229284996117
217                       4.514060830561005
218                       4.510933964575585
219                       4.507851214579565
220                       4.50481477399269
221                       4.501826524653142
222                       4.498888060716446
223                       4.496000713203248
224                       4.493165574536127
225                       4.490383522538553
226                       4.487655243420491
227                       4.484981253401117
228                       4.4823619187330515
229                       4.479797473918092
230                       4.477288038066113
231                       4.474833629352453
232                       4.472434177645221
233                       4.470089535369558
234                       4.467799486771227
235                       4.465563755710424
236                       4.46338201218274
237                       4.461253877729198
238                       4.459178929935227
239                       4.457156706161897
240                       4.455186706702805
241                       4.453268397475193
242                       4.451401212384576
243                       4.449584555464949
244                       4.447817802861318
245                       4.44610030473953
246                       4.444431387141741
247                       4.442810353820947
248                       4.441236488084751
249                       4.439709054611046
250                       4.438227301265338
251                       4.436790460876541
252                       4.435397752952381
253                       4.434048385329968
254                       4.432741555709235
255                       4.431476453076368
256                       4.430252258961974
257                       4.429068148554531
258                       4.427923291626154
259                       4.426816853283792
260                       4.425747994533281
261                       4.424715872662537
262                       4.423719641453461
263                       4.42275845123576
264                       4.421831448800925
265                       4.420937777192266
266                       4.420076575400693
267                       4.419246977995888
268                       4.4184481147053525
269                       4.41767910998492
270                       4.416939082600521
271                       4.416227145243095
272                       4.415542404219556
273                       4.414883959208594
274                       4.41425090314201
275                       4.413642322190779
276                       4.413057295896263
277                       4.41249489743223
278                       4.411954194027658
279                       4.411434247527624
280                       4.41093411511519
281                       4.410452850165516
282                       4.409989503245083
283                       4.409543123229843
284                       4.409112758539186
285                       4.4086974584682315
286                       4.408296274603696
287                       4.407908262301908
288                       4.407532482209888
289                       4.407168001826022
290                       4.406813897063548
291                       4.406469253807927
292                       4.4061331694561625
293                       4.405804754409449
294                       4.405483133525753
295                       4.405167447487597
296                       4.404856854113939
297                       4.404550529570924
298                       4.404247669492895
299                       4.403947490005181
300                       4.403649228637901
301                       4.403352145140637
302                       4.403055522177644
303                       4.402758665924744
304                       4.40246090655832
305                       4.402161598634965
306                       4.401860121381392
307                       4.401555878884915
308                       4.401248300193312
309                       4.400936839338852
310                       4.400620975280038
311                       4.400300211776152
312                       4.399974077203696
313                       4.399642124308729
314                       4.399303929920673
315                       4.39895909461832
316                       4.398607242358363
317                       4.398248020082024
318                       4.397881097289021
319                       4.397506165600632
320                       4.397122938298021
321                       4.3967311498623145
322                       4.396330555497485
323                       4.39592093065449
324                       4.395502070552442
325                       4.395073789701
326                       4.394635921427101
327                       4.394188317400232
328                       4.393730847165077
329                       4.393263397683485
330                       4.392785872870924
331                       4.392298193149769
332                       4.391800294998729
333                       4.391292130512025
334                       4.390773666960711
335                       4.39024488635677
336                       4.389705785021378
337                       4.389156373153964
338                       4.388596674404502
339                       4.388026725444163
340                       4.38744657553811
341                       4.386856286118961
342                       4.386255930353011
343                       4.385645592716699
344                       4.385025368557278
345                       4.384395363667782
346                       4.383755693846725
347                       4.3831064844626475
348                       4.382447870019403
349                       4.381779993715808
350                       4.381103007004429
351                       4.380417069154913
352                       4.379722346812368
353                       4.37901901356023
354                       4.378307249481915
355                       4.377587240727379
356                       4.376859179078661
357                       4.376123261522389
358                       4.3753796898253885
359                       4.374628670117886
360                       4.373870412476479
361                       4.3731051305176205
362                       4.372333041004623
363                       4.371554363447706
364                       4.370769319728846
365                       4.369978133726011
366                       4.369181030948926
367                       4.368378238189344
368                       4.367569983177855
369                       4.366756494255725
370                       4.365938000054374
371                       4.365114729190335
372                       4.364286909974112
373                       4.363454770124991
374                       4.362618536506193
375                       4.361778434868466
376                       4.360934689607644
377                       4.360087523535238
378                       4.359237157662359
379                       4.358383810993844
380                       4.357527700341436
381                       4.356669040139908
382                       4.355808042285052
383                       4.354944915975405
384                       4.354079867572425
385                       4.353213100466465
386                       4.352344814958445
387                       4.351475208149851
388                       4.35060447384159
389                       4.349732802447713
390                       4.348860380913545
391                       4.347987392644747
392                       4.347114017447677
393                       4.346240431474001
394                       4.345366807176562
395                       4.344493313270533
396                       4.343620114703902
397                       4.342747372631751
398                       4.341875244401182
399                       4.341003883538431
400                       4.340133439742646
401                       4.339264058884872
402                       4.3383958830147975
403                       4.337529050366584
404                       4.336663695375815
405                       4.335799948690658
406                       4.334937937199315
407                       4.334077784049052
408                       4.333219608675528
409                       4.332363526833724
410                       4.331509650627448
411                       4.330658088546811
412                       4.329808945504137
413                       4.328962322873521
414                       4.328118318531278
415                       4.327277026896727
416                       4.326438538979179
417                       4.325602942418757
418                       4.324770321535253
419                       4.323940757373621
420                       4.3231143277510595
421                       4.322291107307602
422                       4.321471167551673
423                       4.320654576913686
424                       4.319841400791537
425                       4.319031701603968
426                       4.3182255388395605
427                       4.317422969106732
428                       4.316624046186963
429                       4.315828821082011
430                       4.315037342066748
431                       4.314249654740862
432                       4.313465802076404
433                       4.31268582447114
434                       4.311909759796764
435                       4.311137643452395
436                       4.310369508408816
437                       4.3096053852645415
438                       4.308845302291393
439                       4.308089285483008
440                       4.307337358608025
441                       4.306589543254308
442                       4.305845858878052
443                       4.3051063228549165
444                       4.30437095052277
445                       4.303639755232272
446                       4.302912748392043
447                       4.302189939515954
448                       4.301471336268731
449                       4.3007569445118365
450                       4.300046768347756
451                       4.299340810167295
452                       4.298639070689918
453                       4.297941549011394
454                       4.297248242646949
455                       4.296559147571865
456                       4.295874258265884
457                       4.295193567756911
458                       4.294517067659424
459                       4.293844748217875
460                       4.293176598348479
461                       4.2925126056769685
462                       4.291852756580685
463                       4.291197036227628
464                       4.290545428614521
465                       4.289897916606247
466                       4.289254481974012
467                       4.288615105431537
468                       4.287979766674101
469                       4.287348444413672
470                       4.286721116415606
471                       4.28609775953353
472                       4.285478349744972
473                       4.284862862185592
474                       4.284251271184274
475                       4.283643550294553
476                       4.283039672329801
477                       4.282439609393956
478                       4.28184333291455
479                       4.2812508136739496
480                       4.280662021839404
481                       4.2800769269952355
482                       4.279495498170212
483                       4.278917703869077
484                       4.278343512099882
485                       4.277772890403352
486                       4.2772058058797935
487                       4.276642225215714
488                       4.2760821147114
489                       4.275525440307025
490                       4.274972167608168
491                       4.274422261909898
492                       4.273875688222978
493                       4.273332411294396
494                       4.272792395635973
495                       4.272255605542611
496                       4.271722005117251
497                       4.2711915582912905
498                       4.270664228846793
499                       4.2701399804370705
500                       4.269618776606958
501                       4.2691005808113
502                       4.268585356437187
503                       4.268073066819275
504                       4.267563675260437
505                       4.26705714504852
506                       4.2665534394730695
507                       4.266052521843591
508                       4.265554355504369
509                       4.265058903851082
510                       4.2645661303453295
511                       4.264075998530496
512                       4.26358847204485
513                       4.26310351463699
514                       4.262621090178527
515                       4.262141162675112
516                       4.261663696283515
517                       4.261188655318928
518                       4.260716004270319
519                       4.260245707809417
520                       4.259777730802592
521                       4.25931203832045
522                       4.258848595649287
523                       4.258387368298816
524                       4.257928322013705
525                       4.257471422779339
526                       4.257016636833615
527                       4.256563930673012
528                       4.2561132710604825
529                       4.255664625032592
530                       4.2552179599085775
531                       4.254773243293739
532                       4.254330443088405
533                       4.253889527492581
534                       4.253450465012475
535                       4.253013224464603
536                       4.252577774982664
537                       4.252144086019463
538                       4.251712127354736
539                       4.251281869096504
540                       4.250853281686617
541                       4.250426335903333
542                       4.2500010028647495
543                       4.249577254032525
544                       4.249155061214289
545                       4.248734396565601
546                       4.248315232592013
547                       4.2478975421536544
548                       4.24748129846358
549                       4.247066475090927
550                       4.246653045962584
551                       4.246240985364556
552                       4.245830267941239
553                       4.245420868697304
554                       4.24501276299876
555                       4.2446059265722855
556                       4.244200335505592
557                       4.2437959662477445
558                       4.243392795608461
559                       4.242990800758599
560                       4.242589959228054
561                       4.242190248906983
562                       4.241791648043874
563                       4.241394135243878
564                       4.240997689469617
565                       4.240602290038539
566                       4.240207916620741
567                       4.239814549240042
568                       4.239422168269461
569                       4.239030754431667
570                       4.2386402887957315
571                       4.238250752775691
572                       4.237862128128263
573                       4.237474396951015
574                       4.237087541679534
575                       4.236701545085476
576                       4.236316390273581
577                       4.235932060680026
578                       4.235548540069168
579                       4.2351658125310045
580                       4.234783862477764
581                       4.234402674642638
582                       4.23402223407459
583                       4.233642526137677
584                       4.233263536507194
585                       4.232885251165621
586                       4.232507656400782
587                       4.2321307388022955
588                       4.231754485258366
589                       4.231378882952068
590                       4.2310039193586855
591                       4.230629582241869
592                       4.230255859651284
593                       4.2298827399173025
594                       4.229510211649972
595                       4.229138263734143
596                       4.228766885325317
597                       4.228396065847953
598                       4.228025794990547
599                       4.227656062703547
600                       4.227286859193899
601                       4.226918174923346
602                       4.226550000603993
603                       4.226182327194408
604                       4.2258151458967195
605                       4.225448448153731
606                       4.225082225643025
607                       4.224716470275938
608                       4.224351174193094
609                       4.223986329759676
610                       4.223621929564041
611                       4.223257966412596
612                       4.222894433327037
613                       4.222531323540097
614                       4.222168630493099
615                       4.221806347831556
616                       4.2214444694018916
617                       4.221082989248657
618                       4.220721901610026
619                       4.220361200915426
620                       4.220000881781443
621                       4.219640939008108
622                       4.219281367577198
623                       4.218922162646741
624                       4.218563319549082
625                       4.2182048337875315
626                       4.217846701032384
627                       4.217488917118311
628                       4.217131478041152
629                       4.216774379953923
630                       4.216417619165176
631                       4.21606119213415
632                       4.2157050954687385
633                       4.215349325922384
634                       4.2149938803907485
635                       4.2146387559086085
636                       4.214283949646987
637                       4.213929458910633
638                       4.213575281134624
639                       4.213221413880972
640                       4.2128678548376595
641                       4.212514601813185
642                       4.212161652736121
643                       4.211809005651117
644                       4.21145665871615
645                       4.2111046102008025
646                       4.210752858482138
647                       4.210401402043191
648                       4.210050239471163
649                       4.209699369452004
650                       4.209348790770341
651                       4.2089985023074785
652                       4.208648503036105
653                       4.208298792020666
654                       4.207949368413729
655                       4.207600231453483
656                       4.207251380462642
657                       4.206902814843481
658                       4.2065545340799435
659                       4.206206537730715
660                       4.205858825430722
661                       4.205511396886273
662                       4.205164251875135
663                       4.204817390243534
664                       4.20447081190272
665                       4.204124516830501
666                       4.203778505065187
667                       4.203432776706723
668                       4.203087331913237
669                       4.202742170899554
670                       4.2023972939353875
671                       4.202052701343723
672                       4.201708393497929
673                       4.201364370822243
674                       4.201020633788142
675                       4.200677182912693
676                       4.200334018758476
677                       4.199991141929762
678                       4.199648553072874
679                       4.19930625287391
680                       4.198964242056585
681                       4.198622521382047
682                       4.198281091645871
683                       4.197939953678139
684                       4.197599108340338
685                       4.197258556525689
686                       4.196918299157054
687                       4.196578337185263
688                       4.196238671587929
689                       4.195899303369
690                       4.195560233556323
691                       4.195221463201172
692                       4.194882993377096
693                       4.194544825177997
694                       4.19420695971806
695                       4.19386939812965
696                       4.193532141563293
697                       4.193195191184852
698                       4.1928585481770115
699                       4.192522213735776
700                       4.192186189070961
701                       4.191850475404675
702                       4.191515073970641
703                       4.191179986013221
704                       4.190845212786099
705                       4.190510755551891
706                       4.190176615581561
707                       4.189842794152421
708                       4.1895092925485855
709                       4.189176112059027
710                       4.1888432539782485
711                       4.188510719604169
712                       4.188178510237735
713                       4.187846627182805
714                       4.187515071744883
715                       4.187183845230368
716                       4.186852948946161
717                       4.186522384199352
718                       4.1861921522960905
719                       4.185862254540712
720                       4.185532692235691
721                       4.185203466681374
722                       4.184874579174624
723                       4.184546031008557
724                       4.184217823472088
725                       4.183889957850173
726                       4.18356243542143
727                       4.183235257459495
728                       4.182908425232187
729                       4.182581940000221
730                       4.182255803017463
731                       4.181930015530423
732                       4.181604578778323
733                       4.181279493991167
734                       4.180954762391407
735                       4.180630385191957
736                       4.1803063635970314
737                       4.179982698800757
738                       4.179659391987462
739                       4.179336444331543
740                       4.1790138569966135
741                       4.178691631135424
742                       4.178369767889873
743                       4.178048268390901
744                       4.177727133756989
745                       4.177406365095116
746                       4.177085963500734
747                       4.176765930056247
748                       4.176446265832119
749                       4.176126971886194
750                       4.175808049262936
751                       4.175489498994404
752                       4.175171322098581
753                       4.174853519580894
754                       4.174536092433117
755                       4.1742190416324165
756                       4.17390236814367
757                       4.173586072916654
758                       4.173270156887484
759                       4.172954620978086
760                       4.172639466096135
761                       4.172324693134841
762                       4.172010302972953
763                       4.171696296474832
764                       4.171382674490131
765                       4.17106943785367
766                       4.170756587385477
767                       4.170444123891599
768                       4.170132048161847
769                       4.169820360972091
770                       4.169509063083305
771                       4.169198155240997
772                       4.168887638175766
773                       4.1685775126035995
774                       4.168267779225216
775                       4.167958438725998
776                       4.167649491776912
777                       4.167340939033403
778                       4.167032781136081
779                       4.166725018710499
780                       4.166417652366932
781                       4.166110682701367
782                       4.165804110294111
783                       4.165497935710907
784                       4.165192159502277
785                       4.164886782204173
786                       4.164581804337831
787                       4.164277226409181
788                       4.163973048909882
789                       4.163669272316348
790                       4.1633658970909995
791                       4.163062923681432
792                       4.162760352520552
793                       4.162458184026789
794                       4.162156418604319
795                       4.1618550566428745
796                       4.161554098517952
797                       4.161253544591071
798                       4.160953395209319
799                       4.160653650705838
800                       4.160354311399706
801                       4.160055377596157
802                       4.159756849586962
803                       4.159458727649858
804                       4.159161012048704
805                       4.158863703034288
806                       4.158566800844192
807                       4.1582703057015085
808                       4.157974217817246
809                       4.157678537388795
810                       4.157383264600339
811                       4.15708839962323
812                       4.156793942616575
813                       4.156499893725135
814                       4.156206253082765
815                       4.155913020809832
816                       4.15562019701429
817                       4.155327781792103
818                       4.155035775226638
819                       4.1547441773892935
820                       4.154452988339337
821                       4.1541622081244425
822                       4.153871836780368
823                       4.153581874330612
824                       4.153292320788051
825                       4.153003176153623
826                       4.152714440416473
827                       4.152426113555386
828                       4.152138195537589
829                       4.151850686318983
830                       4.151563585845251
831                       4.151276894050703
832                       4.150990610859582
833                       4.150704736184769
834                       4.150419269929255
835                       4.150134211986094
836                       4.149849562237218
837                       4.149565320555154
838                       4.149281486802035
839                       4.14899806083036
840                       4.148715042483055
841                       4.148432431593302
842                       4.1481502279847655
843                       4.147868431470986
844                       4.147587041857589
845                       4.147306058940291
846                       4.147025482505446
847                       4.146745312331291
848                       4.146465548186363
849                       4.146186189831567
850                       4.1459072370179975
851                       4.145628689489364
852                       4.145350546979911
853                       4.145072809216629
854                       4.144795475917993
855                       4.144518546794545
856                       4.144242021548393
857                       4.143965899874381
858                       4.143690181459825
859                       4.1434148659838925
860                       4.1431399531184905
861                       4.142865442528347
862                       4.142591333870703
863                       4.14231762679574
864                       4.142044320946803
865                       4.141771415959553
866                       4.141498911463849
867                       4.1412268070821225
868                       4.140955102430422
869                       4.140683797118348
870                       4.140412890748699
871                       4.140142382918473
872                       4.139872273218016
873                       4.139602561231964
874                       4.139333246538479
875                       4.139064328710669
876                       4.138795807314368
877                       4.1385276819111
878                       4.13825995205624
879                       4.13799261729956
880                       4.137725677185556
881                       4.137459131253143
882                       4.13719297903639
883                       4.136927220063917
884                       4.136661853859511
885                       4.136396879941909
886                       4.136132297824805
887                       4.13586810701749
888                       4.135604307024408
889                       4.135340897345021
890                       4.135077877475139
891                       4.13481524690537
892                       4.134553005122314
893                       4.134291151608285
894                       4.134029685841636
895                       4.133768607295966
896                       4.1335079154420225
897                       4.133247609745698
898                       4.132987689669099
899                       4.132728154671206
900                       4.132469004206838
901                       4.132210237727261
902                       4.131951854680175
903                       4.131693854510365
904                       4.131436236658828
905                       4.131179000563057
906                       4.130922145657989
907                       4.13066567137481
908                       4.13040957714197
909                       4.13015386238491
910                       4.12989852652615
911                       4.1296435689852835
912                       4.129388989179285
913                       4.1291347865221315
914                       4.128880960425768
915                       4.128627510299022
916                       4.128374435548219
917                       4.128121735577555
918                       4.127869409788756
919                       4.127617457581373
920                       4.127365878352409
921                       4.127114671497127
922                       4.126863836408129
923                       4.126613372476492
924                       4.1263632790911
925                       4.1261135556387805
926                       4.1258642015046085
927                       4.125615216072138
928                       4.125366598722664
929                       4.1251183488359455
930                       4.124870465790462
931                       4.124622948963183
932                       4.1243757977284465
933                       4.124129011460228
934                       4.123882589531041
935                       4.1236365313115755
936                       4.123390836171449
937                       4.123145503478721
938                       4.1229005326007595
939                       4.122655922903595
940                       4.122411673751856
941                       4.122167784509488
942                       4.121924254539387
943                       4.121681083202958
944                       4.121438269861683
945                       4.121195813875023
946                       4.120953714602646
947                       4.120711971402759
948                       4.120470583633321
949                       4.120229550651161
950                       4.119988871812479
951                       4.119748546473544
952                       4.119508573989283
953                       4.1192689537141725
954                       4.119029685002619
955                       4.118790767208366
956                       4.118552199684687
957                       4.118313981785093
958                       4.118076112861414
959                       4.11783859226659
960                       4.117601419352615
961                       4.117364593471374
962                       4.1171281139746725
963                       4.11689198021412
964                       4.116656191541004
965                       4.116420747306929
966                       4.116185646863125
967                       4.11595088956102
968                       4.1157164747520465
969                       4.115482401787505
970                       4.115248670018763
971                       4.115015278797927
972                       4.114782227476456
973                       4.114549515406226
974                       4.114317141939631
975                       4.114085106428853
976                       4.113853408226821
977                       4.113622046686382
978                       4.113391021160458
979                       4.113160331003122
980                       4.112929975568065
981                       4.112699954209697
982                       4.112470266283163
983                       4.112240911143342
984                       4.112011888146076
985                       4.111783196647577
986                       4.11155483600432
987                       4.111326805573948
988                       4.1110991047143735
989                       4.110871732783721
990                       4.11064468914124
991                       4.110417973146141
992                       4.110191584159365
993                       4.109965521541764
994                       4.109739784654631
995                       4.109514372860621
996                       4.109289285522951
997                       4.109064522005339
998                       4.108840081672485
999                       4.108615963889911
1000                      4.108392168023613
1001                      4.108168693440833
1002                      4.107945539509331
1003                      4.107722705598129
1004                      4.10750019107658
1005                      4.1072779953153855
1006                      4.1070561176856355
1007                      4.106834557560084
1008                      4.1066133143116135
1009                      4.106392387314656
1010                      4.106171775944576
1011                      4.105951479577075
1012                      4.105731497589558
1013                      4.105511829360257
1014                      4.105292474268023
1015                      4.1050734316935085
1016                      4.10485470101761
1017                      4.10463628162279
1018                      4.104418172892231
1019                      4.1042003742105155
1020                      4.103982884963218
1021                      4.10376570453686
1022                      4.103548832319136
1023                      4.103332267698977
1024                      4.1031160100663
1025                      4.102900058812525
1026                      4.102684413329581
1027                      4.102469073010909
1028                      4.102254037251516
1029                      4.1020393054467466
1030                      4.1018248769937635
1031                      4.101610751290622
1032                      4.101396927736913
1033                      4.1011834057329715
1034                      4.100970184680786
1035                      4.100757263983271
1036                      4.100544643044989
1037                      4.100332321270814
1038                      4.100120298067809
1039                      4.099908572844211
1040                      4.099697145008943
1041                      4.09948601397255
1042                      4.099275179146931
1043                      4.0990646399452135
1044                      4.0988543957816
1045                      4.098644446071673
1046                      4.098434790232547
1047                      4.09822542768234
1048                      4.098016357840509
1049                      4.097807580127906
1050                      4.097599093966602
1051                      4.097390898780276
1052                      4.097182993993574
1053                      4.096975379032491
1054                      4.096768053324723
1055                      4.096561016298564
1056                      4.0963542673845295
1057                      4.096147806013786
1058                      4.095941631618938
1059                      4.095735743634351
1060                      4.0955301414955
1061                      4.095324824638952
1062                      4.095119792502753
1063                      4.094915044526692
1064                      4.094710580151338
1065                      4.0945063988190205
1066                      4.094302499973088
1067                      4.094098883058525
1068                      4.093895547521715
1069                      4.093692492810157
1070                      4.093489718372728
1071                      4.093287223659682
1072                      4.093085008123168
1073                      4.09288307121561
1074                      4.092681412391931
1075                      4.092480031107733
1076                      4.092278926820072
1077                      4.092078098987633
1078                      4.091877547070183
1079                      4.091677270528972
1080                      4.091477268826596
1081                      4.0912775414271945
1082                      4.09107808779579
1083                      4.090878907399322
1084                      4.09067999970582
1085                      4.090481364184743
1086                      4.0902830003067665
1087                      4.090084907544201
1088                      4.08988708537048
1089                      4.08968953326046
1090                      4.089492250690501
1091                      4.089295237137902
1092                      4.089098492081862
1093                      4.088902015002875
1094                      4.088705805382038
1095                      4.088509862702999
1096                      4.088314186449789
1097                      4.088118776108066
1098                      4.087923631165056
1099                      4.087728751109003
1100                      4.087534135429912
1101                      4.087339783618821
1102                      4.087145695167956
1103                      4.08695186957129
1104                      4.086758306324184
1105                      4.086565004922584
1106                      4.086371964864631
1107                      4.08617918564912
1108                      4.0859866667768925
1109                      4.08579440774946
1110                      4.085602408070077
1111                      4.08541066724292
1112                      4.085219184774036
1113                      4.085027960170283
1114                      4.084836992939894
1115                      4.084646282592929
1116                      4.084455828639982
1117                      4.084265630593565
1118                      4.084075687967052
1119                      4.08388600027569
1120                      4.083696567035277
1121                      4.083507387763591
1122                      4.083318461979175
1123                      4.083129789202273
1124                      4.0829413689539855
1125                      4.082753200757094
1126                      4.082565284135459
1127                      4.082377618614186
1128                      4.082190203719801
1129                      4.082003038980122
1130                      4.0818161239238115
1131                      4.081629458081256
1132                      4.081443040984052
1133                      4.081256872164676
1134                      4.081070951157519
1135                      4.080885277497456
1136                      4.080699850721122
1137                      4.080514670366345
1138                      4.080329735971967
1139                      4.080145047078244
1140                      4.079960603226304
1141                      4.079776403959158
1142                      4.079592448820655
1143                      4.0794087373558545
1144                      4.079225269110822
1145                      4.07904204363343
1146                      4.078859060472045
1147                      4.078676319176983
1148                      4.078493819298993
1149                      4.078311560390764
1150                      4.078129542005603
1151                      4.077947763698244
1152                      4.077766225024632
1153                      4.077584925541755
1154                      4.077403864807875
1155                      4.0772230423825455
1156                      4.077042457826007
1157                      4.076862110700461
1158                      4.076682000568598
1159                      4.076502126994563
1160                      4.076322489543527
1161                      4.0761430877818965
1162                      4.075963921277159
1163                      4.075784989597956
1164                      4.075606292314339
1165                      4.075427828997062
1166                      4.075249599217948
1167                      4.075071602550532
1168                      4.074893838569177
1169                      4.074716306849098
1170                      4.074539006967016
1171                      4.07436193850037
1172                      4.074185101028069
1173                      4.074008494130041
1174                      4.0738321173872425
1175                      4.073655970381651
1176                      4.073480052696492
1177                      4.073304363915621
1178                      4.073128903625104
1179                      4.0729536714107
1180                      4.072778666860126
1181                      4.072603889561954
1182                      4.072429339105657
1183                      4.072255015081954
1184                      4.072080917082825
1185                      4.071907044700572
1186                      4.071733397529393
1187                      4.071559975164012
1188                      4.071386777200509
1189                      4.0712138032357785
1190                      4.071041052867546
1191                      4.070868525695228
1192                      4.07069622131859
1193                      4.070524139338902
1194                      4.070352279358111
1195                      4.070180640979579
1196                      4.070009223806945
1197                      4.069838027445741
1198                      4.069667051502009
1199                      4.0694962955827485
1200                      4.069325759296159
1201                      4.069155442251466
1202                      4.068985344058544
1203                      4.06881546432872
1204                      4.068645802673663
1205                      4.068476358706871
1206                      4.06830713204214
1207                      4.068138122294413
1208                      4.067969329079812
1209                      4.067800752014812
1210                      4.067632390717819
1211                      4.067464244807237
1212                      4.067296313902954
1213                      4.067128597625654
1214                      4.066961095597066
1215                      4.066793807439704
1216                      4.066626732777195
1217                      4.066459871233852
1218                      4.066293222435039
1219                      4.06612678600708
1220                      4.06596056157713
1221                      4.065794548773624
1222                      4.065628747225061
1223                      4.065463156561868
1224                      4.065297776414693
1225                      4.065132606415373
1226                      4.064967646196359
1227                      4.064802895391328
1228                      4.064638353634834
1229                      4.0644740205619545
1230                      4.064309895809203
1231                      4.064145979013263
1232                      4.063982269812194
1233                      4.063818767845078
1234                      4.06365547275147
1235                      4.0634923841718855
1236                      4.063329501747649
1237                      4.063166825121236
1238                      4.063004353935636
1239                      4.062842087834914
1240                      4.062680026463886
1241                      4.0625181694680865
1242                      4.062356516494216
1243                      4.062195067189646
1244                      4.062033821202346
1245                      4.061872778181494
1246                      4.061711937776911
1247                      4.0615512996389835
1248                      4.061390863419845
1249                      4.061230628771107
1250                      4.0610705953463375
1251                      4.060910762799193
1252                      4.060751130784494
1253                      4.060591698957859
1254                      4.060432466975486
1255                      4.0602734344946665
1256                      4.06011460117317
1257                      4.059955966669737
1258                      4.059797530643991
1259                      4.059639292756152
1260                      4.059481252667258
1261                      4.059323410039087
1262                      4.059165764534493
1263                      4.059008315816632
1264                      4.058851063549794
1265                      4.058694007398884
1266                      4.058537147029547
1267                      4.05838048210825
1268                      4.0582240123022615
1269                      4.0580677372795115
1270                      4.057911656708816
1271                      4.057755770259368
1272                      4.057600077601595
1273                      4.057444578406379
1274                      4.0572892723454235
1275                      4.057134159090914
1276                      4.056979238316453
1277                      4.056824509695494
1278                      4.056669972903009
1279                      4.056515627614003
1280                      4.056361473504583
1281                      4.0562075102518085
1282                      4.056053737532869
1283                      4.055900155026146
1284                      4.055746762410353
1285                      4.055593559365238
1286                      4.055440545571079
1287                      4.055287720708973
1288                      4.055135084460405
1289                      4.054982636508157
1290                      4.054830376534944
1291                      4.054678304224968
1292                      4.054526419262482
1293                      4.0543747213326204
1294                      4.054223210121335
1295                      4.054071885315
1296                      4.053920746601238
1297                      4.053769793667354
1298                      4.053619026202432
1299                      4.053468443895326
1300                      4.053318046436145
1301                      4.053167833515372
1302                      4.053017804824236
1303                      4.052867960054585
1304                      4.052718298899065
1305                      4.052568821050631
1306                      4.0524195262034155
1307                      4.05227041405173
1308                      4.052121484290906
1309                      4.05197273661645
1310                      4.051824170724874
1311                      4.05167578631343
1312                      4.051527583079579
1313                      4.0513795607217435
1314                      4.05123171893881
1315                      4.051084057430714
1316                      4.050936575897233
1317                      4.050789274039488
1318                      4.050642151558909
1319                      4.050495208157578
1320                      4.050348443538176
1321                      4.05020185740417
1322                      4.050055449459059
1323                      4.049909219408017
1324                      4.04976316695574
1325                      4.049617291808268
1326                      4.049471593671868
1327                      4.049326072253547
1328                      4.049180727260862
1329                      4.049035558401995
1330                      4.048890565385717
1331                      4.048745747921313
1332                      4.048601105719027
1333                      4.048456638488995
1334                      4.048312345942735
1335                      4.048168227791665
1336                      4.048024283748215
1337                      4.04788051352533
1338                      4.047736916836507
1339                      4.0475934933955084
1340                      4.047450242917272
1341                      4.0473071651168855
1342                      4.047164259710085
1343                      4.047021526413097
1344                      4.0468789649429855
1345                      4.046736575017233
1346                      4.046594356353653
1347                      4.046452308671038
1348                      4.046310431688546
1349                      4.046168725125721
1350                      4.046027188702887
1351                      4.045885822140791
1352                      4.045744625161024
1353                      4.045603597485318
1354                      4.045462738836169
1355                      4.045322048936557
1356                      4.045181527510107
1357                      4.045041174280788
1358                      4.044900988973417
1359                      4.0447609713129875
1360                      4.044621121025329
1361                      4.044481437836595
1362                      4.044341921473698
1363                      4.044202571663825
1364                      4.044063388134843
1365                      4.0439243706152
1366                      4.043785518833667
1367                      4.043646832519771
1368                      4.043508311403351
1369                      4.043369955214853
1370                      4.043231763685377
1371                      4.043093736546434
1372                      4.0429558735298805
1373                      4.042818174368471
1374                      4.042680638795048
1375                      4.042543266543113
1376                      4.042406057347
1377                      4.042269010941183
1378                      4.04213212706048
1379                      4.041995405440723
1380                      4.041858845818079
1381                      4.0417224479288105
1382                      4.041586211510298
1383                      4.041450136300066
1384                      4.041314222036082
1385                      4.041178468456862
1386                      4.041042875301827
1387                      4.040907442310161
1388                      4.040772169222181
1389                      4.040637055778116
1390                      4.040502101719287
1391                      4.040367306787057
1392                      4.040232670723441
1393                      4.040098193270996
1394                      4.039963874172633
1395                      4.039829713171882
1396                      4.039695710012365
1397                      4.039561864438765
1398                      4.039428176195891
1399                      4.039294645029072
1400                      4.039161270683977
1401                      4.039028052907242
1402                      4.0388949914452486
1403                      4.038762086045677
1404                      4.03862933645584
1405                      4.0384967424239555
1406                      4.038364303698726
1407                      4.0382320200292625
1408                      4.03809989116497
1409                      4.037967916856058
1410                      4.037836096852962
1411                      4.037704430906309
1412                      4.037572918768002
1413                      4.037441560189482
1414                      4.037310354923356
1415                      4.03717930272203
1416                      4.037048403338913
1417                      4.036917656527564
1418                      4.036787062042274
1419                      4.036656619637263
1420                      4.036526329067726
1421                      4.036396190089098
1422                      4.03626620245727
1423                      4.036136365928465
1424                      4.036006680259573
1425                      4.0358771452076105
1426                      4.035747760530461
1427                      4.035618525986004
1428                      4.035489441332928
1429                      4.0353605063300755
1430                      4.0352317207368085
1431                      4.035103084313029
1432                      4.034974596818893
1433                      4.034846258015142
1434                      4.034718067662842
1435                      4.0345900255235785
1436                      4.034462131359369
1437                      4.034334384932498
1438                      4.034206786005826
1439                      4.034079334342507
1440                      4.033952029706326
1441                      4.033824871861451
1442                      4.033697860572094
1443                      4.0335709956034425
1444                      4.0334442767206315
1445                      4.033317703689706
1446                      4.033191276276506
1447                      4.033064994247759
1448                      4.032938857370626
1449                      4.032812865412168
1450                      4.032687018140586
1451                      4.0325613153239654
1452                      4.03243575673091
1453                      4.032310342130514
1454                      4.032185071292112
1455                      4.032059943985791
1456                      4.03193495998171
1457                      4.031810119050679
1458                      4.031685420963636
1459                      4.031560865492012
1460                      4.031436452407913
1461                      4.031312181483473
1462                      4.031188052491311
1463                      4.031064065204661
1464                      4.030940219396955
1465                      4.030816514842073
1466                      4.030692951314357
1467                      4.030569528588244
1468                      4.030446246439164
1469                      4.030323104642205
1470                      4.030200102973431
1471                      4.030077241209109
1472                      4.0299545191257025
1473                      4.029831936500401
1474                      4.029709493110486
1475                      4.029587188733808
1476                      4.029465023148356
1477                      4.029342996132993
1478                      4.029221107466647
1479                      4.029099356928434
1480                      4.0289777442982135
1481                      4.028856269356098
1482                      4.028734931882342
1483                      4.028613731658181
1484                      4.028492668464473
1485                      4.028371742083088
1486                      4.028250952295851
1487                      4.028130298885355
1488                      4.02800978163404
1489                      4.027889400325146
1490                      4.027769154742401
1491                      4.0276490446694275
1492                      4.027529069890342
1493                      4.027409230190095
1494                      4.027289525353291
1495                      4.027169955165701
1496                      4.027050519412665
1497                      4.026931217880524
1498                      4.026812050355517
1499                      4.026693016624563
1500                      4.026574116474889
1501                      4.026455349694041
1502                      4.0263367160698635
1503                      4.026218215390626
1504                      4.026099847445071
1505                      4.02598161202193
1506                      4.025863508911026
1507                      4.0257455379017095
1508                      4.025627698784195
1509                      4.025509991348938
1510                      4.0253924153866585
1511                      4.0252749706886
1512                      4.025157657045961
1513                      4.025040474251082
1514                      4.024923422095915
1515                      4.024806500373219
1516                      4.024689708875544
1517                      4.024573047396467
1518                      4.024456515729667
1519                      4.024340113668905
1520                      4.024223841008707
1521                      4.0241076975435845
1522                      4.0239916830686
1523                      4.023875797379259
1524                      4.023760040271184
1525                      4.023644411540411
1526                      4.0235289109834245
1527                      4.02341353839711
1528                      4.023298293578436
1529                      4.02318317632478
1530                      4.023068186433887
1531                      4.0229533237041615
1532                      4.022838587933767
1533                      4.022723978921904
1534                      4.022609496467293
1535                      4.02249514036987
1536                      4.022380910428993
1537                      4.022266806445237
1538                      4.022152828219057
1539                      4.0220389755511174
1540                      4.021925248242603
1541                      4.021811646095395
1542                      4.021698168910837
1543                      4.021584816491442
1544                      4.021471588639586
1545                      4.021358485158348
1546                      4.021245505850681
1547                      4.021132650520064
1548                      4.02101991897065
1549                      4.020907311006352
1550                      4.0207948264318425
1551                      4.02068246505169
1552                      4.020570226671333
1553                      4.020458111096161
1554                      4.020346118131995
1555                      4.020234247585085
1556                      4.020122499261708
1557                      4.020010872968848
1558                      4.0198993685135065
1559                      4.019787985703255
1560                      4.01967672434559
1561                      4.019565584248975
1562                      4.019454565221547
1563                      4.019343667072254
1564                      4.019232889610009
1565                      4.019122232644044
1566                      4.019011695984377
1567                      4.018901279440878
1568                      4.018790982823715
1569                      4.018680805943844
1570                      4.018570748612028
1571                      4.01846081063964
1572                      4.018350991838352
1573                      4.018241292019771
1574                      4.0181317109965144
1575                      4.018022248580827
1576                      4.017912904585757
1577                      4.017803678824327
1578                      4.017694571110102
1579                      4.017585581256902
1580                      4.017476709078755
1581                      4.017367954390264
1582                      4.017259317005874
1583                      4.017150796740925
1584                      4.017042393410389
1585                      4.01693410683022
1586                      4.0168259368164065
1587                      4.016717883185014
1588                      4.0166099457527675
1589                      4.016502124336556
1590                      4.016394418753386
1591                      4.016286828820927
1592                      4.01617935435694
1593                      4.016071995179516
1594                      4.0159647511070595
1595                      4.015857621958228
1596                      4.015750607552219
1597                      4.015643707708143
1598                      4.015536922245571
1599                      4.015430250984618
1600                      4.015323693745421
1601                      4.015217250348489
1602                      4.0151109206145925
1603                      4.015004704364923
1604                      4.014898601420873
1605                      4.014792611604035
1606                      4.014686734736662
1607                      4.014580970640751
1608                      4.01447531913912
1609                      4.014369780054526
1610                      4.01426435321021
1611                      4.0141590384298205
1612                      4.014053835536837
1613                      4.013948744355513
1614                      4.013843764710189
1615                      4.013738896425538
1616                      4.013634139326385
1617                      4.013529493238096
1618                      4.013424957986147
1619                      4.0133205333963815
1620                      4.013216219294879
1621                      4.013112015508108
1622                      4.01300792186252
1623                      4.012903938185493
1624                      4.0128000643039385
1625                      4.012696300045577
1626                      4.012592645238188
1627                      4.012489099709832
1628                      4.012385663289175
1629                      4.01228233580459
1630                      4.01217911708527
1631                      4.0120760069604255
1632                      4.0119730052596
1633                      4.011870111812522
1634                      4.01176732644948
1635                      4.011664649000792
1636                      4.011562079297091
1637                      4.011459617169427
1638                      4.011357262448929
1639                      4.011255014967169
1640                      4.011152874556059
1641                      4.011050841047574
1642                      4.010948914274042
1643                      4.010847094068069
1644                      4.010745380262819
1645                      4.010643772691154
1646                      4.010542271186772
1647                      4.0104408755833765
1648                      4.010339585714949
1649                      4.010238401415771
1650                      4.010137322520508
1651                      4.010036348864029
1652                      4.009935480281262
1653                      4.009834716607722
1654                      4.009734057679143
1655                      4.009633503331463
1656                      4.009533053400739
1657                      4.0094327077237315
1658                      4.009332466137026
1659                      4.0092323284774825
1660                      4.00913229458283
1661                      4.009032364290352
1662                      4.008932537437872
1663                      4.008832813863668
1664                      4.008733193406057
1665                      4.008633675903628
1666                      4.00853426119523
1667                      4.008434949120359
1668                      4.008335739518158
1669                      4.008236632228513
1670                      4.008137627091324
1671                      4.00803872394693
1672                      4.0079399226357415
1673                      4.007841222998656
1674                      4.007742624876569
1675                      4.007644128110854
1676                      4.007545732543227
1677                      4.0074474380152845
1678                      4.007349244369257
1679                      4.007251151447701
1680                      4.007153159092813
1681                      4.0070552671478
1682                      4.0069574754557635
1683                      4.006859783860035
1684                      4.006762192204304
1685                      4.006664700332395
1686                      4.006567308088789
1687                      4.006470015317562
1688                      4.006372821863832
1689                      4.006275727572243
1690                      4.006178732288095
1691                      4.006081835856705
1692                      4.005985038124228
1693                      4.005888338936247
1694                      4.005791738139374
1695                      4.0056952355796405
1696                      4.005598831104189
1697                      4.005502524559868
1698                      4.005406315794043
1699                      4.005310204654166
1700                      4.005214190987985
1701                      4.005118274643579
1702                      4.005022455469193
1703                      4.004926733313315
1704                      4.00483110802484
1705                      4.004735579452786
1706                      4.004640147446344
1707                      4.004544811855046
1708                      4.004449572528788
1709                      4.004354429317617
1710                      4.0042593820716395
1711                      4.00416443064155
1712                      4.004069574878059
1713                      4.0039748146321745
1714                      4.0038801497552825
1715                      4.003785580098855
1716                      4.0036911055146165
1717                      4.003596725854585
1718                      4.00350244097109
1719                      4.003408250716634
1720                      4.0033141549439675
1721                      4.003220153506067
1722                      4.003126246256158
1723                      4.003032433047677
1724                      4.0029387137344905
1725                      4.0028450881705755
1726                      4.002751556209986
1727                      4.0026581177074965
1728                      4.002564772517527
1729                      4.002471520495053
1730                      4.002378361495209
1731                      4.002285295373609
1732                      4.002192321985877
1733                      4.00209944118793
1734                      4.002006652835728
1735                      4.001913956785917
1736                      4.001821352894875
1737                      4.001728841019654
1738                      4.00163642101733
1739                      4.00154409274515
1740                      4.001451856060809
1741                      4.001359710822019
1742                      4.001267656887002
1743                      4.001175694113872
1744                      4.001083822361181
1745                      4.000992041487713
1746                      4.000900351352479
1747                      4.000808751814738
1748                      4.000717242733842
1749                      4.00062582396957
1750                      4.000534495381904
1751                      4.000443256830925
1752                      4.000352108177061
1753                      4.000261049280914
1754                      4.000170080003332
1755                      4.000079200205613
1756                      3.9999884097488
1757                      3.9998977084945873
1758                      3.999807096304893
1759                      3.999716573041386
1760                      3.999626138566628
1761                      3.9995357927429622
1762                      3.9994455354331335
1763                      3.99935536650002
1764                      3.9992652858068043
1765                      3.9991752932170384
1766                      3.999085388594108
1767                      3.998995571802058
1768                      3.9989058427047928
1769                      3.998816201166705
1770                      3.998726647052359
1771                      3.9986371802263454
1772                      3.9985478005537907
1773                      3.99845850789998
1774                      3.998369302130078
1775                      3.9982801831099137
1776                      3.9981911507053254
1777                      3.9981022047823855
1778                      3.998013345207383
1779                      3.997924571847089
1780                      3.9978358845681248
1781                      3.9977472832372896
1782                      3.9976587677221445
1783                      3.9975703378898695
1784                      3.9974819936083383
1785                      3.9973937347451374
1786                      3.9973055611684956
1787                      3.99721747274686
1788                      3.997129469348697
1789                      3.997041550842604
1790                      3.996953717097859
1791                      3.99686596798336
1792                      3.996778303368589
1793                      3.9966907231233195
1794                      3.9966032271173155
1795                      3.9965158152205142
1796                      3.9964284873034535
1797                      3.9963412432364294
1798                      3.996254082890362
1799                      3.9961670061358197
1800                      3.9960800128442644
1801                      3.9959931028869127
1802                      3.995906276135483
1803                      3.9958195324616335
1804                      3.9957328717373555
1805                      3.9956462938350206
1806                      3.9955597986267692
1807                      3.9954733859856395
1808                      3.9953870557841364
1809                      3.9953008078956715
1810                      3.9952146421931642
1811                      3.9951285585503507
1812                      3.9950425568408052
1813                      3.9949566369385687
1814                      3.994870798717642
1815                      3.9947850420524746
1816                      3.9946993668174917
1817                      3.994613772887539
1818                      3.9945282601375696
1819                      3.9944428284427267
1820                      3.994357477678436
1821                      3.9942722077202815
1822                      3.99418701844402
1823                      3.9941019097255803
1824                      3.994016881441361
1825                      3.993931933467789
1826                      3.993847065681276
1827                      3.993762277958825
1828                      3.9936775701774367
1829                      3.9935929422143603
1830                      3.9935083939471125
1831                      3.9934239252531833
1832                      3.9933395360106148
1833                      3.9932552260973266
1834                      3.993170995391568
1835                      3.9930868437719425
1836                      3.9930027711170895
1837                      3.9929187773058574
1838                      3.992834862217267
1839                      3.9927510257307284
1840                      3.992667267725699
1841                      3.9925835880817986
1842                      3.9924999866789492
1843                      3.9924164633972277
1844                      3.992333018116896
1845                      3.992249650718626
1846                      3.99216636108277
1847                      3.992083149090585
1848                      3.992000014622829
1849                      3.9919169575610516
1850                      3.9918339777864835
1851                      3.991751075181005
1852                      3.9916682496265152
1853                      3.9915855010049683
1854                      3.991502829198738
1855                      3.991420234090202
1856                      3.991337715562114
1857                      3.991255273497329
1858                      3.9911729077788016
1859                      3.99109061828995
1860                      3.991008404914107
1861                      3.9909262675350696
1862                      3.9908442060365656
1863                      3.990762220302545
1864                      3.9906803102173725
1865                      3.990598475665602
1866                      3.990516716531603
1867                      3.990435032700211
1868                      3.990353424056573
1869                      3.990271890485805
1870                      3.9901904318733736
1871                      3.9901090481048085
1872                      3.990027739065858
1873                      3.9899465046424134
1874                      3.9898653447208203
1875                      3.989784259187245
1876                      3.9897032479283667
1877                      3.9896223108308844
1878                      3.98954144778166
1879                      3.9894606586678294
1880                      3.9893799433766377
1881                      3.989299301795591
1882                      3.9892187338124523
1883                      3.989138239314994
1884                      3.9890578181912972
1885                      3.9889774703296874
1886                      3.988897195618358
1887                      3.988816993946089
1888                      3.9887368652016013
1889                      3.988656809273988
1890                      3.9885768260522796
1891                      3.98849691542587
1892                      3.9884170772843452
1893                      3.9883373115174523
1894                      3.9882576180150893
1895                      3.988177996667202
1896                      3.9880984473642385
1897                      3.9880189699967574
1898                      3.987939564455013
1899                      3.9878602306302637
1900                      3.9877809684132464
1901                      3.9877017776952384
1902                      3.9876226583677172
1903                      3.987543610322038
1904                      3.987464633450121
1905                      3.9873857276438165
1906                      3.9873068927952082
1907                      3.987228128796615
1908                      3.987149435540478
1909                      3.9870708129195007
1910                      3.9869922608263897
1911                      3.9869137791543436
1912                      3.9868353677962807
1913                      3.98675702664577
1914                      3.986678755596368
1915                      3.9866005545414867
1916                      3.9865224233754866
1917                      3.986444361992074
1918                      3.986366370285664
1919                      3.9862884481507903
1920                      3.9862105954817926
1921                      3.986132812173685
1922                      3.9860550981212497
1923                      3.985977453219828
1924                      3.985899877364466
1925                      3.9858223704508857
1926                      3.9857449323746907
1927                      3.9856675630316745
1928                      3.9855902623178756
1929                      3.985513030129426
1930                      3.9854358663628644
1931                      3.985358770914529
1932                      3.9852817436811194
1933                      3.9852047845597
1934                      3.9851278934471077
1935                      3.9850510702407527
1936                      3.9849743148379497
1937                      3.984897627136333
1938                      3.984821007033561
1939                      3.984744454427554
1940                      3.984667969216423
1941                      3.9845915512983714
1942                      3.98451520057196
1943                      3.984438916935755
1944                      3.98436270028836
1945                      3.9842865505289344
1946                      3.9842104675563883
1947                      3.9841344512700596
1948                      3.98405850156948
1949                      3.983982618354193
1950                      3.983906801523948
1951                      3.9838310509788046
1952                      3.9837553666187366
1953                      3.9836797483441044
1954                      3.983604196055392
1955                      3.9835287096531906
1956                      3.983453289038228
1957                      3.983377934111421
1958                      3.983302644774015
1959                      3.983227420927297
1960                      3.9831522624725784
1961                      3.9830771693116427
1962                      3.9830021413461347
1963                      3.982927178478011
1964                      3.9828522806093813
1965                      3.9827774476426727
1966                      3.982702679480133
1967                      3.9826279760243666
1968                      3.9825533371782855
1969                      3.9824787628446012
1970                      3.982404252926485
1971                      3.982329807327365
1972                      3.9822554259505183
1973                      3.9821811086994527
1974                      3.9821068554778725
1975                      3.9820326661898084
1976                      3.9819585407393037
1977                      3.981884479030618
1978                      3.9818104809678814
1979                      3.9817365464559393
1980                      3.981662675399393
1981                      3.9815888677029916
1982                      3.981515123271811
1983                      3.981441442011031
1984                      3.9813678238261767
1985                      3.981294268622377
1986                      3.981220776305558
1987                      3.981147346781493
1988                      3.9810739799560855
1989                      3.981000675735499
1990                      3.980927434025957
1991                      3.980854254734054
1992                      3.9807811377662374
1993                      3.9807080830294312
1994                      3.9806350904302574
1995                      3.980562159876039
1996                      3.9804892912738525
1997                      3.9804164845312258
1998                      3.980343739555537
1999                      3.980271056254594
2000                      3.9801984345361534
