% Model:              frequency_response_and_eigenfrequencies_rayleigh_damping.mph
% Version:            COMSOL 5.2.0.220
% Date:               Dec 25 2018, 01:13
% Dimension:          1
% Nodes:              2001
% Expressions:        1
% Description:        Point graph
% x                       Height
0                         4.740320412893919E-5
1                         4.6175095109660854E-5
2                         4.296862684454073E-5
3                         3.878482071370543E-5
4                         3.447052779786646E-5
5                         3.0481561132273E-5
6                         2.6978310373566893E-5
7                         2.3970111078123112E-5
8                         2.140729591343404E-5
9                         1.9225262643584788E-5
10                        1.7362089198349472E-5
11                        1.5764123984352516E-5
12                        1.4386734061048089E-5
13                        1.3193364183226543E-5
14                        1.2154181524947721E-5
15                        1.124477364984129E-5
16                        1.0445039282700247E-5
17                        9.738287063488229E-6
18                        9.110516536722904E-6
19                        8.549847439816504E-6
20                        8.04606701453039E-6
21                        7.590272472215109E-6
22                        7.1745939770725055E-6
23                        6.791991701004483E-6
24                        6.436128044980272E-6
25                        6.101321780944302E-6
26                        5.782592051275009E-6
27                        5.475793184748716E-6
28                        5.17782266615633E-6
29                        4.8868548080619E-6
30                        4.602520394107525E-6
31                        4.325936120043924E-6
32                        4.059507911674975E-6
33                        3.8064960911519143E-6
34                        3.5704169951110016E-6
35                        3.354421824473429E-6
36                        3.160802383421005E-6
37                        2.9907219832454518E-6
38                        2.8441895254838704E-6
39                        2.720225884521932E-6
40                        2.6171378609116887E-6
41                        2.532816679194384E-6
42                        2.4650015254041974E-6
43                        2.4114780916846923E-6
44                        2.3702065875721725E-6
45                        2.339388785518165E-6
46                        2.317489860046441E-6
47                        2.3032308418469256E-6
48                        2.2955645125253693E-6
49                        2.2936437663006015E-6
50                        2.296788098229474E-6
51                        2.304451364532149E-6
52                        2.3161922773884855E-6
53                        2.331648036849814E-6
54                        2.35051086045835E-6
55                        2.3725067947174653E-6
56                        2.3973760148983705E-6
57                        2.4248538101047066E-6
58                        2.454651595815509E-6
59                        2.4864375669335253E-6
60                        2.519816964261361E-6
61                        2.5543123481470273E-6
62                        2.589344761116119E-6
63                        2.6242172427460767E-6
64                        2.658102860058779E-6
65                        2.690040185177268E-6
66                        2.7189398286854982E-6
67                        2.743605928869015E-6
68                        2.7627759893215994E-6
69                        2.775180751263427E-6
70                        2.7796226555088493E-6
71                        2.775067126985794E-6
72                        2.7607362705763315E-6
73                        2.736191068490566E-6
74                        2.701387446714901E-6
75                        2.656694656492305E-6
76                        2.6028710180107944E-6
77                        2.5410004305131524E-6
78                        2.4724005700029587E-6
79                        2.398518079908142E-6
80                        2.3208263396024215E-6
81                        2.2407381554138404E-6
82                        2.159540590650163E-6
83                        2.0783539269728116E-6
84                        1.99811270946336E-6
85                        1.9195644724177165E-6
86                        1.8432809544336224E-6
87                        1.769676927432988E-6
88                        1.6990326727602228E-6
89                        1.6315172234210648E-6
90                        1.5672104963303591E-6
91                        1.506123241837875E-6
92                        1.4482143147982413E-6
93                        1.3934051520073822E-6
94                        1.3415915708199841E-6
95                        1.2926531343177572E-6
96                        1.2464603914580359E-6
97                        1.202880323943554E-6
98                        1.1617803257652809E-6
99                        1.123031016280857E-6
100                       1.0865081492921104E-6
101                       1.0520938348802308E-6
102                       1.0196772451236053E-6
103                       9.891549338345124E-7
104                       9.604308672331992E-7
105                       9.334162390400437E-7
106                       9.080291264980895E-7
107                       8.84194033287237E-7
108                       8.618413571423883E-7
109                       8.409068130705803E-7
110                       8.213308361858675E-7
111                       8.03057980417177E-7
112                       7.860363218464545E-7
113                       7.702168676144462E-7
114                       7.555529649038485E-7
115                       7.419997006707499E-7
116                       7.295132817887969E-7
117                       7.180503889472679E-7
118                       7.075675052356498E-7
119                       6.98020231810983E-7
120                       6.893626164295962E-7
121                       6.815465336920366E-7
122                       6.745211662661188E-7
123                       6.682326411941524E-7
124                       6.626238734550888E-7
125                       6.576346589765875E-7
126                       6.532020421392742E-7
127                       6.492609601003894E-7
128                       6.457451405709918E-7
129                       6.425882044953598E-7
130                       6.397249039791205E-7
131                       6.370924113211161E-7
132                       6.346315696462295E-7
133                       6.32288019796361E-7
134                       6.300131310805753E-7
135                       6.277646833820952E-7
136                       6.255072717819072E-7
137                       6.232124294535392E-7
138                       6.208584865975745E-7
139                       6.184302009909679E-7
140                       6.159182072092079E-7
141                       6.133183373321388E-7
142                       6.106308655553448E-7
143                       6.078597246773443E-7
144                       6.050117347559137E-7
145                       6.020958751784802E-7
146                       5.991226219205598E-7
147                       5.96103363286205E-7
148                       5.930498999618643E-7
149                       5.899740295239682E-7
150                       5.868872114421592E-7
151                       5.838003057873867E-7
152                       5.807233774773111E-7
153                       5.776655572196292E-7
154                       5.746349503967447E-7
155                       5.716385856262889E-7
156                       5.686823954615684E-7
157                       5.657712225297845E-7
158                       5.629088453526455E-7
159                       5.600980187850515E-7
160                       5.573405250069111E-7
161                       5.546372315215323E-7
162                       5.519881533630984E-7
163                       5.493925172300387E-7
164                       5.468488257919437E-7
165                       5.443549207510912E-7
166                       5.419080437340624E-7
167                       5.395048942607473E-7
168                       5.371416844052723E-7
169                       5.348141899239839E-7
170                       5.325177978057269E-7
171                       5.30247550380076E-7
172                       5.279981861866573E-7
173                       5.257641779607861E-7
174                       5.235397681126193E-7
175                       5.213190021535256E-7
176                       5.190957605869884E-7
177                       5.168637897541505E-7
178                       5.146167321822431E-7
179                       5.123481569244897E-7
180                       5.10051590403081E-7
181                       5.077205481693785E-7
182                       5.053485679891222E-7
183                       5.029292445120212E-7
184                       5.004562657747789E-7
185                       4.979234516013003E-7
186                       4.953247939137559E-7
187                       4.926544987949405E-7
188                       4.899070300573721E-7
189                       4.870771539438766E-7
190                       4.841599844475657E-7
191                       4.811510286743707E-7
192                       4.780462315401336E-7
193                       4.748420190519966E-7
194                       4.715353393622546E-7
195                       4.681237007558418E-7
196                       4.646052057261255E-7
197                       4.609785803545226E-7
198                       4.572431982011106E-7
199                       4.5339909807598434E-7
200                       4.4944699509135906E-7
201                       4.4538828456985874E-7
202                       4.4122503853810467E-7
203                       4.369599946296232E-7
204                       4.32596537474248E-7
205                       4.281386727574475E-7
206                       4.235909943154426E-7
207                       4.189586447977768E-7
208                       4.142472705493063E-7
209                       4.094629714960912E-7
210                       4.046122468920083E-7
211                       3.99701937889878E-7
212                       3.9473916789143367E-7
213                       3.897312816864125E-7
214                       3.846857843377786E-7
215                       3.7961028075840805E-7
216                       3.7451241684106355E-7
217                       3.6939982293231106E-7
218                       3.6428006033317515E-7
219                       3.591605714169783E-7
220                       3.5404863382479943E-7
221                       3.489513190962101E-7
222                       3.4387545597451163E-7
223                       3.388275985135867E-7
224                       3.338139990294638E-7
225                       3.288405858175543E-7
226                       3.2391294551753235E-7
227                       3.1903630990850047E-7
228                       3.142155468776823E-7
229                       3.0945515526750986E-7
230                       3.047592632583637E-7
231                       3.0013162994454873E-7
232                       2.9557564974588E-7
233                       2.910943592867032E-7
234                       2.866904463899084E-7
235                       2.823662608619133E-7
236                       2.781238267150652E-7
237                       2.7396485555127714E-7
238                       2.698907608213111E-7
239                       2.6590267270389065E-7
240                       2.6200145338161367E-7
241                       2.581877125128022E-7
242                       2.5446182272856486E-7
243                       2.5082393499775806E-7
244                       2.4727399374613353E-7
245                       2.4381175161253194E-7
246                       2.404367837719663E-7
247                       2.3714850174551646E-7
248                       2.3394616666716E-7
249                       2.3082890194839518E-7
250                       2.2779570534977852E-7
251                       2.248454604190673E-7
252                       2.2197694731248734E-7
253                       2.1918885300692885E-7
254                       2.1647978090129397E-7
255                       2.1384825984106008E-7
256                       2.1129275258112414E-7
257                       2.0881166370711904E-7
258                       2.0640334705301067E-7
259                       2.0406611263531228E-7
260                       2.017982331313593E-7
261                       1.9959794993631092E-7
262                       1.9746347882209975E-7
263                       1.9539301522868202E-7
264                       1.933847392075487E-7
265                       1.914368200505971E-7
266                       1.8954742061988485E-7
267                       1.87714701402346E-7
268                       1.8593682430920655E-7
269                       1.842119562371353E-7
270                       1.8253827240780152E-7
271                       1.8091395949769002E-7
272                       1.7933721857437917E-7
273                       1.7780626784842662E-7
274                       1.763193452504311E-7
275                       1.7487471084306422E-7
276                       1.7347064907508646E-7
277                       1.721054708827706E-7
278                       1.7077751564523268E-7
279                       1.6948515299970845E-7
280                       1.6822678451803608E-7
281                       1.6700084524893128E-7
282                       1.6580580513186898E-7
283                       1.6464017027979735E-7
284                       1.635024841405926E-7
285                       1.6239132853296495E-7
286                       1.6130532456132358E-7
287                       1.6024313341549462E-7
288                       1.592034570504255E-7
289                       1.5818503875457646E-7
290                       1.5718666360680743E-7
291                       1.5620715882294654E-7
292                       1.5524539399773372E-7
293                       1.5430028124072675E-7
294                       1.5337077521609442E-7
295                       1.5245587308002951E-7
296                       1.5155461432691751E-7
297                       1.5066608054595012E-7
298                       1.497893950877133E-7
299                       1.4892372265122944E-7
300                       1.4806826878877854E-7
301                       1.4722227934060981E-7
302                       1.4638503979332199E-7
303                       1.4555587457769881E-7
304                       1.4473414630164577E-7
305                       1.4391925492794098E-7
306                       1.4311063689993205E-7
307                       1.4230776421834185E-7
308                       1.415101434775357E-7
309                       1.4071731486185068E-7
310                       1.3992885111000827E-7
311                       1.391443564507355E-7
312                       1.3836346551407205E-7
313                       1.3758584222333525E-7
314                       1.3681117867214923E-7
315                       1.3603919399130132E-7
316                       1.3526963320810052E-7
317                       1.3450226610273597E-7
318                       1.3373688606737052E-7
319                       1.3297330896920526E-7
320                       1.322113720216689E-7
321                       1.3145093266730947E-7
322                       1.306918674748247E-7
323                       1.2993407105397654E-7
324                       1.2917745499089374E-7
325                       1.284219468036976E-7
326                       1.2766748892435353E-7
327                       1.269140377069235E-7
328                       1.2616156246172808E-7
329                       1.2541004452133015E-7
330                       1.2465947633616327E-7
331                       1.239098606019637E-7
332                       1.231612094198771E-7
333                       1.2241354348969943E-7
334                       1.2166689133734871E-7
335                       1.209212885759589E-7
336                       1.2017677720091808E-7
337                       1.194334049203198E-7
338                       1.1869122451699492E-7
339                       1.1795029324758352E-7
340                       1.1721067227157225E-7
341                       1.1647242611557848E-7
342                       1.1573562216846422E-7
343                       1.1500033020824798E-7
344                       1.1426662196015203E-7
345                       1.1353457068335057E-7
346                       1.1280425078788149E-7
347                       1.120757374789792E-7
348                       1.11349106427833E-7
349                       1.1062443346873556E-7
350                       1.0990179432187682E-7
351                       1.0918126433806364E-7
352                       1.0846291826829569E-7
353                       1.0774683005241511E-7
354                       1.0703307263155335E-7
355                       1.0632171777678507E-7
356                       1.056128359383239E-7
357                       1.049064961115188E-7
358                       1.0420276571858845E-7
359                       1.035017105062588E-7
360                       1.0280339445801667E-7
361                       1.0210787971886978E-7
362                       1.0141522653367303E-7
363                       1.0072549319572302E-7
364                       1.0003873600750856E-7
365                       9.935500925023219E-8
366                       9.867436516276044E-8
367                       9.799685392963025E-8
368                       9.732252367568765E-8
369                       9.665142046807844E-8
370                       9.598358832474418E-8
371                       9.531906922898018E-8
372                       9.465790314715018E-8
373                       9.400012805414238E-8
374                       9.334577996014375E-8
375                       9.269489294185201E-8
376                       9.20474991780409E-8
377                       9.140362898528579E-8
378                       9.076331085878638E-8
379                       9.012657151297957E-8
380                       8.949343592490494E-8
381                       8.886392737842933E-8
382                       8.823806750958846E-8
383                       8.761587635276685E-8
384                       8.699737238715583E-8
385                       8.638257258378686E-8
386                       8.577149245200286E-8
387                       8.516414608685801E-8
388                       8.456054621505312E-8
389                       8.396070424173942E-8
390                       8.336463029547373E-8
391                       8.277233327322163E-8
392                       8.218382088481813E-8
393                       8.159909969556673E-8
394                       8.101817516941408E-8
395                       8.044105170968003E-8
396                       7.986773269911323E-8
397                       7.929822053948507E-8
398                       7.873251668955961E-8
399                       7.817062170147628E-8
400                       7.761253525710566E-8
401                       7.705825620133579E-8
402                       7.650778257633461E-8
403                       7.596111165338015E-8
404                       7.541823996272695E-8
405                       7.487916332447581E-8
406                       7.434387687605294E-8
407                       7.381237509952299E-8
408                       7.328465184822168E-8
409                       7.276070037078801E-8
410                       7.224051333610676E-8
411                       7.172408285478075E-8
412                       7.12114005020313E-8
413                       7.070245733769733E-8
414                       7.019724392634902E-8
415                       6.969575035572665E-8
416                       6.919796625485672E-8
417                       6.870388081132739E-8
418                       6.821348278697368E-8
419                       6.772676053377508E-8
420                       6.724370200813315E-8
421                       6.676429478499014E-8
422                       6.628852607114835E-8
423                       6.581638271773897E-8
424                       6.534785123245377E-8
425                       6.488291779047145E-8
426                       6.442156824618309E-8
427                       6.396378814269055E-8
428                       6.350956272239581E-8
429                       6.305887693609536E-8
430                       6.261171545215788E-8
431                       6.216806266549508E-8
432                       6.172790270522117E-8
433                       6.129121944343653E-8
434                       6.085799650244692E-8
435                       6.042821726230643E-8
436                       6.00018648681786E-8
437                       5.9578922237239246E-8
438                       5.915937206511162E-8
439                       5.874319683306816E-8
440                       5.8330378813905504E-8
441                       5.792090007856379E-8
442                       5.751474250189583E-8
443                       5.711188776923612E-8
444                       5.671231738169261E-8
445                       5.631601266235546E-8
446                       5.592295476213454E-8
447                       5.5533124665135876E-8
448                       5.514650319443504E-8
449                       5.476307101772985E-8
450                       5.438280865284208E-8
451                       5.4005696473187203E-8
452                       5.363171471325456E-8
453                       5.326084347430719E-8
454                       5.28930627294097E-8
455                       5.2528352329298576E-8
456                       5.216669200758209E-8
457                       5.180806138611297E-8
458                       5.1452439980708994E-8
459                       5.1099807206322485E-8
460                       5.075014238237763E-8
461                       5.040342473866421E-8
462                       5.005963342013138E-8
463                       4.9718747492873773E-8
464                       4.9380745948988356E-8
465                       4.904560771254371E-8
466                       4.8713311644579093E-8
467                       4.8383836548693946E-8
468                       4.805716117625235E-8
469                       4.7733264232087126E-8
470                       4.741212437938044E-8
471                       4.709372024533415E-8
472                       4.677803042655124E-8
473                       4.646503349393395E-8
474                       4.6154707998193866E-8
475                       4.584703247522844E-8
476                       4.554198545086556E-8
477                       4.5239545446502933E-8
478                       4.49396909837555E-8
479                       4.464240058990739E-8
480                       4.434765280264806E-8
481                       4.40554261752365E-8
482                       4.37656992811561E-8
483                       4.347845071904904E-8
484                       4.3193659117756343E-8
485                       4.29113031405769E-8
486                       4.263136149024522E-8
487                       4.235381291334053E-8
488                       4.20786362048306E-8
489                       4.1805810212452026E-8
490                       4.1535313841123084E-8
491                       4.1267126057105514E-8
492                       4.1001225892170426E-8
493                       4.073759244784624E-8
494                       4.047620489909692E-8
495                       4.021704249858392E-8
496                       3.996008458013555E-8
497                       3.970531056274826E-8
498                       3.945269995390743E-8
499                       3.9202232353464034E-8
500                       3.895388745674643E-8
501                       3.870764505800765E-8
502                       3.8463485053595696E-8
503                       3.822138744520627E-8
504                       3.79813323427594E-8
505                       3.7743299967322024E-8
506                       3.750727065409911E-8
507                       3.7273224854810295E-8
508                       3.7041143140782365E-8
509                       3.681100620490605E-8
510                       3.658279486452747E-8
511                       3.6356490063418524E-8
512                       3.613207287416235E-8
513                       3.5909524500213774E-8
514                       3.568882627785479E-8
515                       3.5469959678216365E-8
516                       3.5252906308863194E-8
517                       3.503764791580483E-8
518                       3.4824166384796104E-8
519                       3.461244374314384E-8
520                       3.440246216086041E-8
521                       3.4194203952265194E-8
522                       3.398765157690856E-8
523                       3.378278764103136E-8
524                       3.3579594898434007E-8
525                       3.3378056251443114E-8
526                       3.3178154751924757E-8
527                       3.297987360197465E-8
528                       3.2783196154662895E-8
529                       3.25881059147199E-8
530                       3.239458653898093E-8
531                       3.220262183699483E-8
532                       3.2012195771294135E-8
533                       3.1823292457920246E-8
534                       3.163589616648923E-8
535                       3.1449991320410714E-8
536                       3.126556249711421E-8
537                       3.1082594427983266E-8
538                       3.0901071998450125E-8
539                       3.072098024778569E-8
540                       3.0542304369088665E-8
541                       3.03650297089757E-8
542                       3.018914176740233E-8
543                       3.001462619733608E-8
544                       2.984146880436984E-8
545                       2.966965554629678E-8
546                       2.9499172532722675E-8
547                       2.9330006024403814E-8
548                       2.9162142432761807E-8
549                       2.899556831931659E-8
550                       2.8830270394975583E-8
551                       2.86662355193142E-8
552                       2.850345069989365E-8
553                       2.8341903091459665E-8
554                       2.818157999518286E-8
555                       2.8022468857627438E-8
556                       2.786455727012355E-8
557                       2.7707832967747297E-8
558                       2.7552283828229555E-8
559                       2.739789787128134E-8
560                       2.7244663257363793E-8
561                       2.7092568286690187E-8
562                       2.6941601398263066E-8
563                       2.67917511687229E-8
564                       2.664300631134676E-8
565                       2.6495355674730442E-8
566                       2.6348788241948935E-8
567                       2.6203293129059876E-8
568                       2.6058859584253065E-8
569                       2.591547698648074E-8
570                       2.5773134844264316E-8
571                       2.5631822794540632E-8
572                       2.5491530601415455E-8
573                       2.5352248154851404E-8
574                       2.5213965469595518E-8
575                       2.507667268370435E-8
576                       2.494036005748934E-8
577                       2.4805017972065497E-8
578                       2.467063692816205E-8
579                       2.4537207544847508E-8
580                       2.44047205582315E-8
581                       2.4273166820127877E-8
582                       2.414253729686684E-8
583                       2.4012823067860062E-8
584                       2.38840153244227E-8
585                       2.375610536836717E-8
586                       2.362908461088222E-8
587                       2.3502944571040375E-8
588                       2.3377676874585326E-8
589                       2.3253273252679097E-8
590                       2.3129725540577225E-8
591                       2.3007025676336932E-8
592                       2.2885165699515915E-8
593                       2.2764137749984417E-8
594                       2.2643934066541793E-8
595                       2.252454698573929E-8
596                       2.240596894056089E-8
597                       2.228819245921407E-8
598                       2.2171210163815184E-8
599                       2.205501476929432E-8
600                       2.1939599081973884E-8
601                       2.1824955998498165E-8
602                       2.1711078504507236E-8
603                       2.1597959673562237E-8
604                       2.1485592665806615E-8
605                       2.1373970726848955E-8
606                       2.1263087186631098E-8
607                       2.1152935458143538E-8
608                       2.1043509036357816E-8
609                       2.093480149707399E-8
610                       2.0826806495717085E-8
611                       2.0719517766289433E-8
612                       2.06129291202273E-8
613                       2.050703444524146E-8
614                       2.0401827704339607E-8
615                       2.0297302934606082E-8
616                       2.0193454246242927E-8
617                       2.009027582146375E-8
618                       1.998776191345783E-8
619                       1.9885906845321193E-8
620                       1.978470500906974E-8
621                       1.968415086465989E-8
622                       1.9584238938866186E-8
623                       1.9484963824449702E-8
624                       1.93863201790421E-8
625                       1.9288302724267454E-8
626                       1.9190906244768463E-8
627                       1.9094125587287183E-8
628                       1.899795565966914E-8
629                       1.890239143002924E-8
630                       1.880742792578679E-8
631                       1.8713060232815604E-8
632                       1.8619283494537407E-8
633                       1.8526092911089592E-8
634                       1.8433483738392798E-8
635                       1.8341451287414178E-8
636                       1.824999092324618E-8
637                       1.8159098064340254E-8
638                       1.806876818166756E-8
639                       1.7978996797949645E-8
640                       1.788977948684584E-8
641                       1.7801111872184218E-8
642                       1.7712989627223557E-8
643                       1.76254084738742E-8
644                       1.7538364182000803E-8
645                       1.7451852568633982E-8
646                       1.7365869497319473E-8
647                       1.728041087734095E-8
648                       1.7195472663053217E-8
649                       1.7111050853281572E-8
650                       1.7027141490518013E-8
651                       1.6943740660310515E-8
652                       1.6860844490637725E-8
653                       1.677844915125768E-8
654                       1.669655085304406E-8
655                       1.66151458473966E-8
656                       1.6534230425606986E-8
657                       1.64538009182798E-8
658                       1.6373853694750182E-8
659                       1.6294385162459825E-8
660                       1.6215391766430535E-8
661                       1.613686998866725E-8
662                       1.605881634762386E-8
663                       1.598122739767373E-8
664                       1.5904099728540644E-8
665                       1.5827429964790357E-8
666                       1.5751214765311406E-8
667                       1.567545082285472E-8
668                       1.560013486342741E-8
669                       1.5525263645910658E-8
670                       1.545083396151993E-8
671                       1.5376842633351474E-8
672                       1.530328651590082E-8
673                       1.523016249462388E-8
674                       1.5157467485479936E-8
675                       1.5085198434484967E-8
676                       1.5013352317279705E-8
677                       1.4941926138737107E-8
678                       1.4870916932474354E-8
679                       1.4800321760489458E-8
680                       1.4730137712765084E-8
681                       1.4660361906856692E-8
682                       1.4590991487475195E-8
683                       1.452202362613848E-8
684                       1.445345552080941E-8
685                       1.4385284395486986E-8
686                       1.4317507499861693E-8
687                       1.425012210894567E-8
688                       1.4183125522769163E-8
689                       1.4116515065971809E-8
690                       1.4050288087488697E-8
691                       1.398444196027008E-8
692                       1.391897408086736E-8
693                       1.3853881869174707E-8
694                       1.3789162768089361E-8
695                       1.3724814243237997E-8
696                       1.36608337826083E-8
697                       1.3597218896321843E-8
698                       1.3533967116281656E-8
699                       1.3471075995949458E-8
700                       1.3408543109991943E-8
701                       1.3346366054064336E-8
702                       1.3284542444516884E-8
703                       1.3223069918099982E-8
704                       1.3161946131746742E-8
705                       1.3101168762297085E-8
706                       1.3040735506252884E-8
707                       1.2980644079473672E-8
708                       1.2920892217045879E-8
709                       1.2861477672938547E-8
710                       1.2802398219793832E-8
711                       1.2743651648746549E-8
712                       1.2685235769138469E-8
713                       1.2627148408300495E-8
714                       1.2569387411384632E-8
715                       1.2511950641082859E-8
716                       1.2454835977460775E-8
717                       1.2398041317723497E-8
718                       1.2341564576025812E-8
719                       1.2285403683277219E-8
720                       1.222955658692574E-8
721                       1.2174021250788068E-8
722                       1.2118795654821648E-8
723                       1.206387779497484E-8
724                       1.2009265683002422E-8
725                       1.1954957346260418E-8
726                       1.190095082752943E-8
727                       1.1847244184879762E-8
728                       1.1793835491434917E-8
729                       1.174072283527411E-8
730                       1.1687904319232154E-8
731                       1.1635378060693028E-8
732                       1.1583142191530499E-8
733                       1.1531194857852608E-8
734                       1.1479534219907673E-8
735                       1.1428158451911161E-8
736                       1.13770657418905E-8
737                       1.1326254291547758E-8
738                       1.1275722316120599E-8
739                       1.1225468044201792E-8
740                       1.1175489717663065E-8
741                       1.1125785591482036E-8
742                       1.1076353933577066E-8
743                       1.1027193024719004E-8
744                       1.0978301158395405E-8
745                       1.0929676640665842E-8
746                       1.0881317790018149E-8
747                       1.0833222937322146E-8
748                       1.0785390425586257E-8
749                       1.073781860991696E-8
750                       1.0690505857416071E-8
751                       1.064345054699708E-8
752                       1.0596651069306884E-8
753                       1.0550105826620172E-8
754                       1.0503813232695289E-8
755                       1.0457771712699924E-8
756                       1.0411979703088399E-8
757                       1.0366435651473426E-8
758                       1.0321138016551683E-8
759                       1.0276085267996507E-8
760                       1.023127588632793E-8
761                       1.0186708362833025E-8
762                       1.0142381199484407E-8
763                       1.0098292908803698E-8
764                       1.0054442013787727E-8
765                       1.0010827047809849E-8
766                       9.967446554530093E-9
767                       9.924299087786421E-9
768                       9.881383211535388E-9
769                       9.838697499720973E-9
770                       9.79624053622355E-9
771                       9.754010914747053E-9
772                       9.712007238746416E-9
773                       9.670228121355284E-9
774                       9.628672185246078E-9
775                       9.58733806262066E-9
776                       9.546224395087552E-9
777                       9.505329833584639E-9
778                       9.464653038302344E-9
779                       9.424192678613112E-9
780                       9.38394743298733E-9
781                       9.343915988917385E-9
782                       9.304097042835146E-9
783                       9.264489300048405E-9
784                       9.225091474685588E-9
785                       9.185902289567245E-9
786                       9.146920476193152E-9
787                       9.108144774628903E-9
788                       9.069573933482381E-9
789                       9.031206709779432E-9
790                       8.993041868935618E-9
791                       8.955078184681295E-9
792                       8.917314438971667E-9
793                       8.879749421961073E-9
794                       8.842381931917972E-9
795                       8.805210775138972E-9
796                       8.76823476591424E-9
797                       8.73145272646886E-9
798                       8.694863486872024E-9
799                       8.658465885001804E-9
800                       8.622258766485772E-9
801                       8.58624098460374E-9
802                       8.550411400271328E-9
803                       8.514768881968688E-9
804                       8.479312305665085E-9
805                       8.444040554803709E-9
806                       8.408952520177173E-9
807                       8.374047099948092E-9
808                       8.339323199532029E-9
809                       8.304779731582598E-9
810                       8.270415615915965E-9
811                       8.236229779465323E-9
812                       8.202221156222367E-9
813                       8.168388687189309E-9
814                       8.134731320330842E-9
815                       8.101248010495167E-9
816                       8.067937719432451E-9
817                       8.034799415641318E-9
818                       8.001832074410505E-9
819                       7.969034677727644E-9
820                       7.936406214216946E-9
821                       7.903945679144123E-9
822                       7.87165207429317E-9
823                       7.839524407996802E-9
824                       7.807561695023164E-9
825                       7.77576295657834E-9
826                       7.744127220226926E-9
827                       7.712653519863311E-9
828                       7.681340895662553E-9
829                       7.650188394034447E-9
830                       7.619195067582391E-9
831                       7.588359975041642E-9
832                       7.557682181273874E-9
833                       7.527160757186834E-9
834                       7.496794779693874E-9
835                       7.466583331706105E-9
836                       7.436525502038782E-9
837                       7.40662038543321E-9
838                       7.3768670824375125E-9
839                       7.347264699433614E-9
840                       7.317812348567448E-9
841                       7.288509147706986E-9
842                       7.259354220396747E-9
843                       7.230346695839706E-9
844                       7.2014857088537066E-9
845                       7.172770399809071E-9
846                       7.144199914602864E-9
847                       7.115773404635301E-9
848                       7.087490026759982E-9
849                       7.0593489432322515E-9
850                       7.031349321701545E-9
851                       7.003490335140946E-9
852                       6.975771161846373E-9
853                       6.948190985362577E-9
854                       6.9207489944779406E-9
855                       6.8934443831703606E-9
856                       6.866276350582767E-9
857                       6.839244100973137E-9
858                       6.812346843700507E-9
859                       6.785583793162527E-9
860                       6.758954168796125E-9
861                       6.732457195004915E-9
862                       6.706092101160362E-9
863                       6.679858121540389E-9
864                       6.653754495308559E-9
865                       6.627780466488972E-9
866                       6.601935283914164E-9
867                       6.576218201203017E-9
868                       6.550628476733135E-9
869                       6.525165373602031E-9
870                       6.499828159594654E-9
871                       6.474616107150807E-9
872                       6.449528493338188E-9
873                       6.424564599823276E-9
874                       6.39972371282958E-9
875                       6.3750051231178345E-9
876                       6.350408125953357E-9
877                       6.32593202106684E-9
878                       6.301576112637225E-9
879                       6.2773397092457555E-9
880                       6.253222123876059E-9
881                       6.2292226738442295E-9
882                       6.205340680798506E-9
883                       6.18157547068397E-9
884                       6.157926373704532E-9
885                       6.134392724312406E-9
886                       6.110973861167766E-9
887                       6.0876691270975394E-9
888                       6.06447786910155E-9
889                       6.041399438285482E-9
890                       6.018433189868127E-9
891                       5.995578483135434E-9
892                       5.972834681408082E-9
893                       5.950201152032426E-9
894                       5.92767726634182E-9
895                       5.9052623996288456E-9
896                       5.882955931125939E-9
897                       5.860757243979287E-9
898                       5.838665725209024E-9
899                       5.816680765703076E-9
900                       5.794801760178636E-9
901                       5.773028107164216E-9
902                       5.751359208958477E-9
903                       5.729794471630539E-9
904                       5.708333304970008E-9
905                       5.686975122485813E-9
906                       5.665719341355617E-9
907                       5.6445653824277645E-9
908                       5.623512670178179E-9
909                       5.602560632687096E-9
910                       5.5817087016316325E-9
911                       5.5609563122398365E-9
912                       5.5403029032878635E-9
913                       5.519747917061382E-9
914                       5.499290799337874E-9
915                       5.478930999362092E-9
916                       5.458667969827049E-9
917                       5.43850116684952E-9
918                       5.418430049939539E-9
919                       5.398454081994936E-9
920                       5.378572729259477E-9
921                       5.3587854613112156E-9
922                       5.339091751048546E-9
923                       5.319491074643977E-9
924                       5.299982911548487E-9
925                       5.280566744454055E-9
926                       5.261242059283533E-9
927                       5.242008345151119E-9
928                       5.22286509435869E-9
929                       5.203811802377615E-9
930                       5.184847967804373E-9
931                       5.165973092365418E-9
932                       5.147186680873364E-9
933                       5.12848824124182E-9
934                       5.109877284418821E-9
935                       5.0913533243983655E-9
936                       5.072915878196776E-9
937                       5.054564465826008E-9
938                       5.0362986102728615E-9
939                       5.0181178374819434E-9
940                       5.000021676344438E-9
941                       4.982009658663064E-9
942                       4.9640813191427685E-9
943                       4.946236195371623E-9
944                       4.9284738278037754E-9
945                       4.910793759721036E-9
946                       4.893195537254876E-9
947                       4.875678709316417E-9
948                       4.858242827624846E-9
949                       4.840887446657635E-9
950                       4.823612123647985E-9
951                       4.806416418557346E-9
952                       4.7892998940686646E-9
953                       4.772262115556815E-9
954                       4.75530265107626E-9
955                       4.738421071350644E-9
956                       4.721616949734087E-9
957                       4.704889862222087E-9
958                       4.688239387407943E-9
959                       4.671665106486966E-9
960                       4.655166603224461E-9
961                       4.638743463943266E-9
962                       4.622395277514695E-9
963                       4.606121635324911E-9
964                       4.589922131275114E-9
965                       4.57379636175958E-9
966                       4.557743925645666E-9
967                       4.541764424259601E-9
968                       4.525857461370712E-9
969                       4.510022643177895E-9
970                       4.494259578289947E-9
971                       4.47856787771114E-9
972                       4.462947154821532E-9
973                       4.4473970253742476E-9
974                       4.431917107463923E-9
975                       4.416507021518359E-9
976                       4.401166390290367E-9
977                       4.3858948388218145E-9
978                       4.370691994458336E-9
979                       4.355557486810556E-9
980                       4.340490947743691E-9
981                       4.3254920113666796E-9
982                       4.310560314025535E-9
983                       4.295695494269391E-9
984                       4.280897192853382E-9
985                       4.266165052712851E-9
986                       4.251498718956938E-9
987                       4.236897838849554E-9
988                       4.222362061795622E-9
989                       4.207891039333429E-9
990                       4.1934844251077395E-9
991                       4.179141874871174E-9
992                       4.164863046457708E-9
993                       4.150647599775338E-9
994                       4.136495196798712E-9
995                       4.1224055015331005E-9
996                       4.108378180032818E-9
997                       4.094412900361174E-9
998                       4.0805093325914995E-9
999                       4.066667148792672E-9
1000                      4.052886023009139E-9
1001                      4.039165631252913E-9
1002                      4.025505651492226E-9
1003                      4.011905763637521E-9
1004                      3.998365649526185E-9
1005                      3.984884992914069E-9
1006                      3.971463479455707E-9
1007                      3.958100796703881E-9
1008                      3.944796634088405E-9
1009                      3.9315506829031064E-9
1010                      3.9183626362999515E-9
1011                      3.905232189272065E-9
1012                      3.892159038641381E-9
1013                      3.8791428830516404E-9
1014                      3.86618342295345E-9
1015                      3.853280360586108E-9
1016                      3.840433399982823E-9
1017                      3.827642246941556E-9
1018                      3.814906609021809E-9
1019                      3.802226195531484E-9
1020                      3.789600717518322E-9
1021                      3.777029887754899E-9
1022                      3.764513420727059E-9
1023                      3.752051032625145E-9
1024                      3.739642441338627E-9
1025                      3.727287366426662E-9
1026                      3.7149855291268984E-9
1027                      3.702736652340372E-9
1028                      3.6905404606067704E-9
1029                      3.6783966801149543E-9
1030                      3.666305038675909E-9
1031                      3.6542652657175895E-9
1032                      3.6422770922767712E-9
1033                      3.630340250988848E-9
1034                      3.6184544760708228E-9
1035                      3.6066195033158366E-9
1036                      3.5948350700848817E-9
1037                      3.5831009152973783E-9
1038                      3.5714167794135548E-9
1039                      3.5597824044273773E-9
1040                      3.548197533862137E-9
1041                      3.5366619127565725E-9
1042                      3.5251752876540206E-9
1043                      3.513737406595337E-9
1044                      3.5023480191047808E-9
1045                      3.4910068761861726E-9
1046                      3.479713730310245E-9
1047                      3.468468335405286E-9
1048                      3.4572704468479118E-9
1049                      3.4461198214521235E-9
1050                      3.4350162174664034E-9
1051                      3.4239593945548467E-9
1052                      3.4129491137949775E-9
1053                      3.4019851376678726E-9
1054                      3.3910672300451585E-9
1055                      3.380195156185175E-9
1056                      3.3693686827191447E-9
1057                      3.35858757764752E-9
1058                      3.3478516103283623E-9
1059                      3.3371605514671862E-9
1060                      3.3265141731075005E-9
1061                      3.3159122486305908E-9
1062                      3.3053545527399355E-9
1063                      3.2948408614451E-9
1064                      3.284370952074863E-9
1065                      3.273944603246394E-9
1066                      3.2635615948668707E-9
1067                      3.253221708133002E-9
1068                      3.2429247255019506E-9
1069                      3.2326704307077968E-9
1070                      3.222458608735277E-9
1071                      3.2122890458165138E-9
1072                      3.202161529428634E-9
1073                      3.1920758482760823E-9
1074                      3.182031792294895E-9
1075                      3.1720291526327674E-9
1076                      3.1620677216494513E-9
1077                      3.15214729290563E-9
1078                      3.1422676611574114E-9
1079                      3.1324286223409416E-9
1080                      3.1226299735766227E-9
1081                      3.1128715131576327E-9
1082                      3.1031530405367185E-9
1083                      3.093474356321358E-9
1084                      3.083835262275042E-9
1085                      3.074235561295153E-9
1086                      3.064675057418185E-9
1087                      3.0551535558044236E-9
1088                      3.0456708627365575E-9
1089                      3.036226785610914E-9
1090                      3.0268211329247807E-9
1091                      3.017453714279225E-9
1092                      3.008124340361904E-9
1093                      2.998832822951026E-9
1094                      2.9895789748973213E-9
1095                      2.9803626101259594E-9
1096                      2.9711835436259195E-9
1097                      2.962041591439959E-9
1098                      2.952936570666533E-9
1099                      2.9438682994449705E-9
1100                      2.9348365969538904E-9
1101                      2.9258412834001083E-9
1102                      2.916882180018152E-9
1103                      2.9079591090603674E-9
1104                      2.899071893785982E-9
1105                      2.8902203584642316E-9
1106                      2.881404328358616E-9
1107                      2.8726236297304655E-9
1108                      2.8638780898223686E-9
1109                      2.8551675368587047E-9
1110                      2.8464918000379406E-9
1111                      2.837850709525733E-9
1112                      2.8292440964466783E-9
1113                      2.8206717928864693E-9
1114                      2.812133631876002E-9
1115                      2.8036294473866916E-9
1116                      2.7951590743368905E-9
1117                      2.7867223485664633E-9
1118                      2.7783191068456625E-9
1119                      2.769949186866415E-9
1120                      2.7616124272304924E-9
1121                      2.7533086674502802E-9
1122                      2.745037747939993E-9
1123                      2.7367995100118018E-9
1124                      2.7285937958679445E-9
1125                      2.7204204486006996E-9
1126                      2.7122793121753974E-9
1127                      2.704170231436295E-9
1128                      2.696093052097276E-9
1129                      2.6880476207346995E-9
1130                      2.6800337847852334E-9
1131                      2.672051392534534E-9
1132                      2.664100293121034E-9
1133                      2.656180336521093E-9
1134                      2.648291373550389E-9
1135                      2.640433255858338E-9
1136                      2.6326058359173688E-9
1137                      2.624808967021277E-9
1138                      2.6170425032872975E-9
1139                      2.609306299633714E-9
1140                      2.601600211794017E-9
1141                      2.593924096296842E-9
1142                      2.586277810471445E-9
1143                      2.578661212435847E-9
1144                      2.5710741610955492E-9
1145                      2.563516516136523E-9
1146                      2.555988138023186E-9
1147                      2.548488887989776E-9
1148                      2.5410186280418756E-9
1149                      2.5335772209411395E-9
1150                      2.5261645302115237E-9
1151                      2.518780420128383E-9
1152                      2.511424755715459E-9
1153                      2.5040974027405334E-9
1154                      2.4967982277086945E-9
1155                      2.489527097863066E-9
1156                      2.4822838811742517E-9
1157                      2.4750684463364735E-9
1158                      2.467880662769275E-9
1159                      2.4607204006043703E-9
1160                      2.4535875306898756E-9
1161                      2.4464819245790745E-9
1162                      2.4394034545283928E-9
1163                      2.4323519934938117E-9
1164                      2.425327415126505E-9
1165                      2.418329593768465E-9
1166                      2.4113584044457514E-9
1167                      2.4044137228688166E-9
1168                      2.397495425425871E-9
1169                      2.390603389173976E-9
1170                      2.3837374918479505E-9
1171                      2.3768976118428288E-9
1172                      2.370083628214316E-9
1173                      2.3632954206776274E-9
1174                      2.356532869601996E-9
1175                      2.3497958560026162E-9
1176                      2.3430842615426493E-9
1177                      2.3363979685266807E-9
1178                      2.329736859894719E-9
1179                      2.3231008192225903E-9
1180                      2.316489730713474E-9
1181                      2.3099034791994644E-9
1182                      2.30334195013255E-9
1183                      2.296805029581681E-9
1184                      2.2902926042348177E-9
1185                      2.283804561386684E-9
1186                      2.277340788939131E-9
1187                      2.2709011753993343E-9
1188                      2.264485609873234E-9
1189                      2.2580939820639918E-9
1190                      2.251726182264096E-9
1191                      2.245382101358166E-9
1192                      2.239061630814948E-9
1193                      2.232764662684517E-9
1194                      2.226491089594566E-9
1195                      2.220240804749279E-9
1196                      2.214013701923924E-9
1197                      2.2078096754587465E-9
1198                      2.2016286202614615E-9
1199                      2.1954704317995005E-9
1200                      2.189335006099165E-9
1201                      2.183222239737501E-9
1202                      2.177132029846182E-9
1203                      2.1710642741028547E-9
1204                      2.1650188707286015E-9
1205                      2.1589957184870284E-9
1206                      2.1529947166783015E-9
1207                      2.1470157651388645E-9
1208                      2.1410587642337336E-9
1209                      2.1351236148574437E-9
1210                      2.129210218430122E-9
1211                      2.123318476892654E-9
1212                      2.1174482927051664E-9
1213                      2.111599568842222E-9
1214                      2.1057722087921802E-9
1215                      2.099966116551681E-9
1216                      2.094181196624756E-9
1217                      2.088417354018917E-9
1218                      2.082674494240617E-9
1219                      2.0769525232930937E-9
1220                      2.071251347677234E-9
1221                      2.065570874382582E-9
1222                      2.0599110108887174E-9
1223                      2.0542716651577963E-9
1224                      2.0486527456387523E-9
1225                      2.0430541612574893E-9
1226                      2.0374758214177883E-9
1227                      2.0319176359990787E-9
1228                      2.0263795153479355E-9
1229                      2.020861370284467E-9
1230                      2.0153631120902382E-9
1231                      2.0098846525134904E-9
1232                      2.0044259037600705E-9
1233                      1.9989867784941864E-9
1234                      1.9935671898340492E-9
1235                      1.988167051352205E-9
1236                      1.9827862770684267E-9
1237                      1.9774247814510565E-9
1238                      1.972082479410292E-9
1239                      1.9667592862997534E-9
1240                      1.9614551179111284E-9
1241                      1.956169890475067E-9
1242                      1.95090352064956E-9
1243                      1.945655925530906E-9
1244                      1.9404270226401823E-9
1245                      1.935216729925873E-9
1246                      1.9300249657594163E-9
1247                      1.9248516489347876E-9
1248                      1.9196966986630616E-9
1249                      1.914560034571556E-9
1250                      1.9094415767037655E-9
1251                      1.9043412455116324E-9
1252                      1.8992589618574426E-9
1253                      1.894194647010358E-9
1254                      1.889148222643849E-9
1255                      1.884119610831812E-9
1256                      1.8791087340486525E-9
1257                      1.8741155151669963E-9
1258                      1.869139877452853E-9
1259                      1.864181744564334E-9
1260                      1.8592410405505476E-9
1261                      1.8543176898512925E-9
1262                      1.8494116172860577E-9
1263                      1.844522748062545E-9
1264                      1.8396510077709944E-9
1265                      1.8347963223751152E-9
1266                      1.8299586182194683E-9
1267                      1.8251378220230902E-9
1268                      1.8203338608760342E-9
1269                      1.8155466622400155E-9
1270                      1.8107761539444199E-9
1271                      1.8060222641841946E-9
1272                      1.8012849215200939E-9
1273                      1.7965640548720565E-9
1274                      1.7918595935216064E-9
1275                      1.7871714671080439E-9
1276                      1.782499605625307E-9
1277                      1.777843939420863E-9
1278                      1.7732043991951475E-9
1279                      1.7685809159968171E-9
1280                      1.7639734212224116E-9
1281                      1.7593818466138865E-9
1282                      1.7548061242577711E-9
1283                      1.750246186579042E-9
1284                      1.7457019663466065E-9
1285                      1.7411733966641005E-9
1286                      1.7366604109707627E-9
1287                      1.7321629430415305E-9
1288                      1.7276809269820532E-9
1289                      1.7232142972278508E-9
1290                      1.7187629885421354E-9
1291                      1.7143269360161417E-9
1292                      1.7099060750635518E-9
1293                      1.7055003414215949E-9
1294                      1.7011096711471187E-9
1295                      1.6967340006179953E-9
1296                      1.6923732665256875E-9
1297                      1.688027405880405E-9
1298                      1.6836963560039097E-9
1299                      1.6793800545294653E-9
1300                      1.6750784394008272E-9
1301                      1.6707914488703505E-9
1302                      1.6665190214951769E-9
1303                      1.662261096138309E-9
1304                      1.6580176119661528E-9
1305                      1.653788508445302E-9
1306                      1.6495737253410322E-9
1307                      1.6453732027181178E-9
1308                      1.6411868809379494E-9
1309                      1.637014700652116E-9
1310                      1.6328566028117255E-9
1311                      1.6287125286523164E-9
1312                      1.6245824197042848E-9
1313                      1.620466217781792E-9
1314                      1.6163638649872303E-9
1315                      1.6122753037081972E-9
1316                      1.6082004766136822E-9
1317                      1.6041393266553462E-9
1318                      1.6000917970639426E-9
1319                      1.5960578313484616E-9
1320                      1.592037373295698E-9
1321                      1.5880303669663547E-9
1322                      1.5840367566960987E-9
1323                      1.5800564870913398E-9
1324                      1.5760895030282316E-9
1325                      1.572135749655267E-9
1326                      1.5681951723859127E-9
1327                      1.5642677169004682E-9
1328                      1.5603533291432601E-9
1329                      1.5564519553222696E-9
1330                      1.5525635419079844E-9
1331                      1.5486880356289428E-9
1332                      1.544825383472874E-9
1333                      1.5409755326876346E-9
1334                      1.5371384307734463E-9
1335                      1.533314025486979E-9
1336                      1.5295022648377214E-9
1337                      1.525703097083929E-9
1338                      1.5219164707393252E-9
1339                      1.518142334562039E-9
1340                      1.5143806375602267E-9
1341                      1.5106313289862878E-9
1342                      1.5068943583390328E-9
1343                      1.5031696753606613E-9
1344                      1.4994572300321066E-9
1345                      1.4957569725800119E-9
1346                      1.4920688534676109E-9
1347                      1.4883928233954373E-9
1348                      1.4847288333029744E-9
1349                      1.481076834362973E-9
1350                      1.4774367779846989E-9
1351                      1.4738086158085132E-9
1352                      1.4701922997062522E-9
1353                      1.4665877817815533E-9
1354                      1.462995014365801E-9
1355                      1.459413950018321E-9
1356                      1.4558445415256893E-9
1357                      1.4522867418993067E-9
1358                      1.4487405043745106E-9
1359                      1.4452057824095437E-9
1360                      1.4416825296849774E-9
1361                      1.438170700100529E-9
1362                      1.4346702477755393E-9
1363                      1.4311811270491278E-9
1364                      1.4277032924740094E-9
1365                      1.424236698821968E-9
1366                      1.4207813010767325E-9
1367                      1.4173370544358494E-9
1368                      1.4139039143094893E-9
1369                      1.4104818363193027E-9
1370                      1.4070707762954885E-9
1371                      1.4036706902787021E-9
1372                      1.4002815345151753E-9
1373                      1.3969032654585813E-9
1374                      1.3935358397685514E-9
1375                      1.3901792143078407E-9
1376                      1.3868333461423176E-9
1377                      1.3834981925419017E-9
1378                      1.3801737109741785E-9
1379                      1.3768598591085319E-9
1380                      1.3735565948140655E-9
1381                      1.37026387615485E-9
1382                      1.366981661394816E-9
1383                      1.363709908991162E-9
1384                      1.3604485775946689E-9
1385                      1.3571976260533023E-9
1386                      1.353957013403798E-9
1387                      1.3507266988765664E-9
1388                      1.3475066418913761E-9
1389                      1.3442968020578672E-9
1390                      1.341097139173644E-9
1391                      1.3379076132240348E-9
1392                      1.3347281843798504E-9
1393                      1.3315588129980284E-9
1394                      1.3283994596197992E-9
1395                      1.3252500849688116E-9
1396                      1.3221106499534017E-9
1397                      1.318981115660698E-9
1398                      1.3158614433591441E-9
1399                      1.312751594498004E-9
1400                      1.309651530702708E-9
1401                      1.3065612137780286E-9
1402                      1.3034806057044783E-9
1403                      1.3004096686385912E-9
1404                      1.2973483649125829E-9
1405                      1.2942966570306234E-9
1406                      1.2912545076707385E-9
1407                      1.2882218796834845E-9
1408                      1.2851987360894193E-9
1409                      1.282185040080066E-9
1410                      1.2791807550160213E-9
1411                      1.2761858444261289E-9
1412                      1.2732002720068864E-9
1413                      1.2702240016204441E-9
1414                      1.2672569972964932E-9
1415                      1.2642992232288283E-9
1416                      1.261350643774562E-9
1417                      1.2584112234541196E-9
1418                      1.2554809269505953E-9
1419                      1.2525597191088298E-9
1420                      1.2496475649335546E-9
1421                      1.2467444295887602E-9
1422                      1.2438502783986152E-9
1423                      1.2409650768446556E-9
1424                      1.2380887905654913E-9
1425                      1.2352213853566152E-9
1426                      1.2323628271677692E-9
1427                      1.2295130821053387E-9
1428                      1.2266721164288266E-9
1429                      1.2238398965505474E-9
1430                      1.2210163890354127E-9
1431                      1.2182015606004617E-9
1432                      1.215395378112202E-9
1433                      1.212597808588034E-9
1434                      1.209808819194633E-9
1435                      1.207028377247383E-9
1436                      1.2042564502076238E-9
1437                      1.2014930056853094E-9
1438                      1.198738011436179E-9
1439                      1.1959914353604603E-9
1440                      1.1932532455049998E-9
1441                      1.1905234100569078E-9
1442                      1.187801897351004E-9
1443                      1.1850886758603196E-9
1444                      1.182383714202151E-9
1445                      1.1796869811329294E-9
1446                      1.1769984455518492E-9
1447                      1.1743180764945377E-9
1448                      1.1716458431364061E-9
1449                      1.1689817147924524E-9
1450                      1.1663256609126405E-9
1451                      1.1636776510848576E-9
1452                      1.1610376550325811E-9
1453                      1.1584056426143833E-9
1454                      1.1557815838239477E-9
1455                      1.1531654487881461E-9
1456                      1.1505572077661572E-9
1457                      1.1479568311516608E-9
1458                      1.1453642894679882E-9
1459                      1.1427795533719583E-9
1460                      1.140202593647656E-9
1461                      1.1376333812116613E-9
1462                      1.1350718871078948E-9
1463                      1.1325180825102273E-9
1464                      1.1299719387195502E-9
1465                      1.1274334271626577E-9
1466                      1.124902519394389E-9
1467                      1.1223791870957533E-9
1468                      1.1198634020716713E-9
1469                      1.117355136251197E-9
1470                      1.1148543616894441E-9
1471                      1.1123610505626094E-9
1472                      1.1098751751712469E-9
1473                      1.107396707936425E-9
1474                      1.1049256214017402E-9
1475                      1.102461888230902E-9
1476                      1.1000054812094044E-9
1477                      1.0975563732388338E-9
1478                      1.095114537343142E-9
1479                      1.0926799466639285E-9
1480                      1.0902525744588477E-9
1481                      1.0878323941047265E-9
1482                      1.0854193790941958E-9
1483                      1.0830135030353925E-9
1484                      1.0806147396530985E-9
1485                      1.0782230627853564E-9
1486                      1.0758384463857696E-9
1487                      1.0734608645208324E-9
1488                      1.0710902913706072E-9
1489                      1.0687267012274757E-9
1490                      1.0663700684958265E-9
1491                      1.0640203676913267E-9
1492                      1.0616775734413043E-9
1493                      1.0593416604818415E-9
1494                      1.0570126036599448E-9
1495                      1.0546903779315363E-9
1496                      1.0523749583614848E-9
1497                      1.0500663201214219E-9
1498                      1.0477644384923513E-9
1499                      1.0454692888616051E-9
1500                      1.0431808467220356E-9
1501                      1.0408990876742701E-9
1502                      1.0386239874230721E-9
1503                      1.0363555217779085E-9
1504                      1.0340936666540597E-9
1505                      1.0318383980691821E-9
1506                      1.0295896921449294E-9
1507                      1.0273475251060574E-9
1508                      1.0251118732789014E-9
1509                      1.022882713092734E-9
1510                      1.0206600210762662E-9
1511                      1.0184437738612835E-9
1512                      1.0162339481786981E-9
1513                      1.014030520858991E-9
1514                      1.0118334688322397E-9
1515                      1.0096427691276452E-9
1516                      1.0074583988727016E-9
1517                      1.0052803352928511E-9
1518                      1.0031085557091692E-9
1519                      1.0009430375430562E-9
1520                      9.98783758309611E-10
1521                      9.966306956196253E-10
1522                      9.944838271819255E-10
1523                      9.923431307984344E-10
1524                      9.90208584365738E-10
1525                      9.8808016587441E-10
1526                      9.859578534093104E-10
1527                      9.838416251483148E-10
1528                      9.817314593614105E-10
1529                      9.7962733441108E-10
1530                      9.775292287523173E-10
1531                      9.754371209301122E-10
1532                      9.73350989581936E-10
1533                      9.71270813433854E-10
1534                      9.691965713034164E-10
1535                      9.67128242097406E-10
1536                      9.650658048114697E-10
1537                      9.630092385297428E-10
1538                      9.609585224250406E-10
1539                      9.589136357582406E-10
1540                      9.568745578770725E-10
1541                      9.548412682169483E-10
1542                      9.528137462982525E-10
1543                      9.507919717293535E-10
1544                      9.487759242038912E-10
1545                      9.467655835000175E-10
1546                      9.447609294816447E-10
1547                      9.427619420965494E-10
1548                      9.407686013766986E-10
1549                      9.387808874379774E-10
1550                      9.36798780479751E-10
1551                      9.348222607835783E-10
1552                      9.328513087139918E-10
1553                      9.308859047173318E-10
1554                      9.289260293214832E-10
1555                      9.269716631358869E-10
1556                      9.25022786851011E-10
1557                      9.230793812374359E-10
1558                      9.211414271458065E-10
1559                      9.192089055072099E-10
1560                      9.172817973306135E-10
1561                      9.153600837054153E-10
1562                      9.134437457993672E-10
1563                      9.115327648574154E-10
1564                      9.096271222034862E-10
1565                      9.077267992382688E-10
1566                      9.058317774390879E-10
1567                      9.039420383616845E-10
1568                      9.020575636369828E-10
1569                      9.001783349713164E-10
1570                      8.983043341475516E-10
1571                      8.964355430239192E-10
1572                      8.945719435326971E-10
1573                      8.927135176815386E-10
1574                      8.908602475521725E-10
1575                      8.890121152993765E-10
1576                      8.871691031525717E-10
1577                      8.853311934130768E-10
1578                      8.834983684564024E-10
1579                      8.816706107293068E-10
1580                      8.79847902751051E-10
1581                      8.780302271127312E-10
1582                      8.76217566476879E-10
1583                      8.744099035768387E-10
1584                      8.726072212173464E-10
1585                      8.708095022728166E-10
1586                      8.690167296878537E-10
1587                      8.672288864770173E-10
1588                      8.654459557246973E-10
1589                      8.63667920583097E-10
1590                      8.618947642751138E-10
1591                      8.601264700893741E-10
1592                      8.5836302138555E-10
1593                      8.566044015893936E-10
1594                      8.548505941942675E-10
1595                      8.531015827612334E-10
1596                      8.51357350917318E-10
1597                      8.4961788235721E-10
1598                      8.478831608410922E-10
1599                      8.461531701955386E-10
1600                      8.44427894311566E-10
1601                      8.427073171469443E-10
1602                      8.409914227237527E-10
1603                      8.392801951284835E-10
1604                      8.375736185124342E-10
1605                      8.358716770907675E-10
1606                      8.341743551427397E-10
1607                      8.324816370107672E-10
1608                      8.307935071002991E-10
1609                      8.291099498806655E-10
1610                      8.274309498824053E-10
1611                      8.257564916989298E-10
1612                      8.240865599862307E-10
1613                      8.224211394611228E-10
1614                      8.207602149024371E-10
1615                      8.191037711496485E-10
1616                      8.174517931045158E-10
1617                      8.158042657270802E-10
1618                      8.141611740396289E-10
1619                      8.125225031236619E-10
1620                      8.108882381208916E-10
1621                      8.092583642311713E-10
1622                      8.076328667159014E-10
1623                      8.060117308934016E-10
1624                      8.043949421410506E-10
1625                      8.027824858953793E-10
1626                      8.011743476503688E-10
1627                      7.995705129578063E-10
1628                      7.979709674274079E-10
1629                      7.963756967262995E-10
1630                      7.947846865779684E-10
1631                      7.93197922763477E-10
1632                      7.916153911205057E-10
1633                      7.900370775413897E-10
1634                      7.884629679769418E-10
1635                      7.868930484316644E-10
1636                      7.853273049664613E-10
1637                      7.837657236978027E-10
1638                      7.822082907965014E-10
1639                      7.806549924880094E-10
1640                      7.791058150527812E-10
1641                      7.775607448255427E-10
1642                      7.760197681949829E-10
1643                      7.744828716023453E-10
1644                      7.729500415444324E-10
1645                      7.714212645697485E-10
1646                      7.698965272806573E-10
1647                      7.683758163313425E-10
1648                      7.668591184300466E-10
1649                      7.653464203354947E-10
1650                      7.638377088598817E-10
1651                      7.623329708659818E-10
1652                      7.60832193270132E-10
1653                      7.593353630379645E-10
1654                      7.578424671869106E-10
1655                      7.56353492785753E-10
1656                      7.548684269535329E-10
1657                      7.533872568598431E-10
1658                      7.519099697243343E-10
1659                      7.504365528164873E-10
1660                      7.489669934560262E-10
1661                      7.475012790116059E-10
1662                      7.460393969017139E-10
1663                      7.445813345939823E-10
1664                      7.431270796036892E-10
1665                      7.416766194965925E-10
1666                      7.40229941885756E-10
1667                      7.387870344321916E-10
1668                      7.373478848455846E-10
1669                      7.359124808831156E-10
1670                      7.344808103496564E-10
1671                      7.330528610968422E-10
1672                      7.316286210242289E-10
1673                      7.302080780779616E-10
1674                      7.287912202506621E-10
1675                      7.273780355818679E-10
1676                      7.259685121568543E-10
1677                      7.245626381074331E-10
1678                      7.231604016111659E-10
1679                      7.21761790891498E-10
1680                      7.203667942168677E-10
1681                      7.189753999009809E-10
1682                      7.175875963033459E-10
1683                      7.162033718272872E-10
1684                      7.148227149219484E-10
1685                      7.13445614079886E-10
1686                      7.120720578382946E-10
1687                      7.107020347789313E-10
1688                      7.093355335261507E-10
1689                      7.079725427498914E-10
1690                      7.066130511614252E-10
1691                      7.052570475172463E-10
1692                      7.039045206154521E-10
1693                      7.025554592980114E-10
1694                      7.012098524491291E-10
1695                      6.998676889958642E-10
1696                      6.985289579071345E-10
1697                      6.971936481942473E-10
1698                      6.958617489111126E-10
1699                      6.945332491521795E-10
1700                      6.932081380543865E-10
1701                      6.918864047959427E-10
1702                      6.905680385961314E-10
1703                      6.89253028715391E-10
1704                      6.879413644548148E-10
1705                      6.866330351562516E-10
1706                      6.853280302024462E-10
1707                      6.840263390162894E-10
1708                      6.827279510603291E-10
1709                      6.814328558378449E-10
1710                      6.801410428911308E-10
1711                      6.788525018030782E-10
1712                      6.775672221950569E-10
1713                      6.762851937279661E-10
1714                      6.750064061027103E-10
1715                      6.73730849057747E-10
1716                      6.724585123713168E-10
1717                      6.711893858598715E-10
1718                      6.699234593782133E-10
1719                      6.686607228197454E-10
1720                      6.674011661153163E-10
1721                      6.661447792347148E-10
1722                      6.648915521843536E-10
1723                      6.63641475009498E-10
1724                      6.623945377915376E-10
1725                      6.611507306497815E-10
1726                      6.599100437409559E-10
1727                      6.586724672581247E-10
1728                      6.574379914318103E-10
1729                      6.562066065286516E-10
1730                      6.549783028515438E-10
1731                      6.537530707399288E-10
1732                      6.525309005705106E-10
1733                      6.513117827541103E-10
1734                      6.500957077382749E-10
1735                      6.488826660065791E-10
1736                      6.476726480779519E-10
1737                      6.464656445060415E-10
1738                      6.452616458806223E-10
1739                      6.440606428260212E-10
1740                      6.428626260013973E-10
1741                      6.416675861012564E-10
1742                      6.404755138543827E-10
1743                      6.39286400023934E-10
1744                      6.381002354073505E-10
1745                      6.369170108364958E-10
1746                      6.357367171775217E-10
1747                      6.345593453296661E-10
1748                      6.333848862264357E-10
1749                      6.32213330835126E-10
1750                      6.31044670156129E-10
1751                      6.298788952230674E-10
1752                      6.287159971027938E-10
1753                      6.275559668956388E-10
1754                      6.263987957343524E-10
1755                      6.252444747846257E-10
1756                      6.240929952444889E-10
1757                      6.229443483445911E-10
1758                      6.217985253480997E-10
1759                      6.206555175503627E-10
1760                      6.195153162783548E-10
1761                      6.183779128913535E-10
1762                      6.172432987802807E-10
1763                      6.161114653676487E-10
1764                      6.149824041077759E-10
1765                      6.138561064857869E-10
1766                      6.127325640189222E-10
1767                      6.116117682542202E-10
1768                      6.104937107711845E-10
1769                      6.093783831790894E-10
1770                      6.08265777118295E-10
1771                      6.071558842600878E-10
1772                      6.060486963053066E-10
1773                      6.049442049860409E-10
1774                      6.038424020644115E-10
1775                      6.027432793321378E-10
1776                      6.0164682861091E-10
1777                      6.005530417526616E-10
1778                      5.994619106391583E-10
1779                      5.983734271812136E-10
1780                      5.972875833191064E-10
1781                      5.962043710228123E-10
1782                      5.951237822910307E-10
1783                      5.940458091521144E-10
1784                      5.929704436627635E-10
1785                      5.91897677909224E-10
1786                      5.908275040054715E-10
1787                      5.897599140949897E-10
1788                      5.886949003491628E-10
1789                      5.876324549680536E-10
1790                      5.865725701795693E-10
1791                      5.855152382401216E-10
1792                      5.84460451434017E-10
1793                      5.83408202073341E-10
1794                      5.823584824979866E-10
1795                      5.813112850753465E-10
1796                      5.802666022004751E-10
1797                      5.79224426295974E-10
1798                      5.781847498113293E-10
1799                      5.771475652240523E-10
1800                      5.761128650376704E-10
1801                      5.750806417832926E-10
1802                      5.740508880187754E-10
1803                      5.730235963285522E-10
1804                      5.71998759323789E-10
1805                      5.709763696423476E-10
1806                      5.69956419948193E-10
1807                      5.689389029315851E-10
1808                      5.679238113092657E-10
1809                      5.669111378238129E-10
1810                      5.659008752438554E-10
1811                      5.648930163638898E-10
1812                      5.638875540040723E-10
1813                      5.628844810103088E-10
1814                      5.618837902538742E-10
1815                      5.608854746316547E-10
1816                      5.598895270658989E-10
1817                      5.588959405039976E-10
1818                      5.579047079183633E-10
1819                      5.569158223065193E-10
1820                      5.559292766910023E-10
1821                      5.549450641188948E-10
1822                      5.539631776622483E-10
1823                      5.529836104179699E-10
1824                      5.520063555065696E-10
1825                      5.510314060735357E-10
1826                      5.500587552890515E-10
1827                      5.490883963469954E-10
1828                      5.481203224652359E-10
1829                      5.471545268862019E-10
1830                      5.461910028756181E-10
1831                      5.45229743723302E-10
1832                      5.442707427428908E-10
1833                      5.433139932716194E-10
1834                      5.423594886701019E-10
1835                      5.414072223222328E-10
1836                      5.404571876355551E-10
1837                      5.395093780408697E-10
1838                      5.385637869919269E-10
1839                      5.376204079653516E-10
1840                      5.366792344609686E-10
1841                      5.357402600015612E-10
1842                      5.348034781323127E-10
1843                      5.338688824216959E-10
1844                      5.329364664600312E-10
1845                      5.320062238603079E-10
1846                      5.310781482584849E-10
1847                      5.301522333120649E-10
1848                      5.292284727013467E-10
1849                      5.283068601282084E-10
1850                      5.273873893171641E-10
1851                      5.264700540140822E-10
1852                      5.255548479871985E-10
1853                      5.246417650260132E-10
1854                      5.237307989422349E-10
1855                      5.228219435687546E-10
1856                      5.219151927601535E-10
1857                      5.210105403924651E-10
1858                      5.201079803629558E-10
1859                      5.192075065899991E-10
1860                      5.183091130136382E-10
1861                      5.174127935942856E-10
1862                      5.165185423139203E-10
1863                      5.156263531749383E-10
1864                      5.147362202009062E-10
1865                      5.138481374364757E-10
1866                      5.129620989459539E-10
1867                      5.120780988151803E-10
1868                      5.111961311499416E-10
1869                      5.10316190076276E-10
1870                      5.094382697412006E-10
1871                      5.085623643118989E-10
1872                      5.076884679745963E-10
1873                      5.068165749373122E-10
1874                      5.05946679426381E-10
1875                      5.050787756893841E-10
1876                      5.042128579932293E-10
1877                      5.033489206244953E-10
1878                      5.024869578893919E-10
1879                      5.016269641138922E-10
1880                      5.007689336436913E-10
1881                      4.999128608436774E-10
1882                      4.990587400977286E-10
1883                      4.982065658098552E-10
1884                      4.97356332402768E-10
1885                      4.965080343184718E-10
1886                      4.956616660176487E-10
1887                      4.948172219806702E-10
1888                      4.939746967063082E-10
1889                      4.931340847121174E-10
1890                      4.92295380534853E-10
1891                      4.914585787296499E-10
1892                      4.906236738702968E-10
1893                      4.897906605491711E-10
1894                      4.889595333769229E-10
1895                      4.881302869828331E-10
1896                      4.873029160145842E-10
1897                      4.86477415137796E-10
1898                      4.856537790365147E-10
1899                      4.848320024127462E-10
1900                      4.840120799865701E-10
1901                      4.831940064959879E-10
1902                      4.823777766970529E-10
1903                      4.815633853635339E-10
1904                      4.807508272868568E-10
1905                      4.799400972763621E-10
1906                      4.791311901585684E-10
1907                      4.783241007779104E-10
1908                      4.775188239965549E-10
1909                      4.767153546935467E-10
1910                      4.759136877652793E-10
1911                      4.75113818125636E-10
1912                      4.74315740705629E-10
1913                      4.735194504535399E-10
1914                      4.727249423346455E-10
1915                      4.71932211331106E-10
1916                      4.711412524419216E-10
1917                      4.703520606833418E-10
1918                      4.695646310881697E-10
1919                      4.687789587058081E-10
1920                      4.679950386025899E-10
1921                      4.672128658612225E-10
1922                      4.664324355813478E-10
1923                      4.6565374287875516E-10
1924                      4.6487678288555063E-10
1925                      4.6410155075033244E-10
1926                      4.633280416381086E-10
1927                      4.625562507298149E-10
1928                      4.617861732231886E-10
1929                      4.610178043307951E-10
1930                      4.602511392826558E-10
1931                      4.594861733239947E-10
1932                      4.587229017160522E-10
1933                      4.57961319735853E-10
1934                      4.572014226764314E-10
1935                      4.5644320584627963E-10
1936                      4.5568666456977916E-10
1937                      4.549317941866906E-10
1938                      4.541785900525224E-10
1939                      4.5342704753833505E-10
1940                      4.526771620300232E-10
1941                      4.5192892892995244E-10
1942                      4.51182343654267E-10
1943                      4.5043740163581847E-10
1944                      4.496940983218505E-10
1945                      4.4895242917484293E-10
1946                      4.4821238967246506E-10
1947                      4.47473975307408E-10
1948                      4.467371815870235E-10
1949                      4.4600200403394346E-10
1950                      4.452684381852729E-10
1951                      4.445364795935949E-10
1952                      4.4380612382509525E-10
1953                      4.430773664617342E-10
1954                      4.4235020309919263E-10
1955                      4.416246293484773E-10
1956                      4.4090064083427323E-10
1957                      4.40178233196575E-10
1958                      4.3945740208926224E-10
1959                      4.387381431805251E-10
1960                      4.3802045215288994E-10
1961                      4.373043247032226E-10
1962                      4.365897565425872E-10
1963                      4.35876743395938E-10
1964                      4.3516528100252845E-10
1965                      4.3445536511547327E-10
1966                      4.33746991501791E-10
1967                      4.330401559425916E-10
1968                      4.323348542326283E-10
1969                      4.3163108218050583E-10
1970                      4.309288356087771E-10
1971                      4.3022811035352813E-10
1972                      4.2952890226430097E-10
1973                      4.2883120720462193E-10
1974                      4.2813502105098283E-10
1975                      4.2744033969405173E-10
1976                      4.267471590373221E-10
1977                      4.260554749982822E-10
1978                      4.2536528350704915E-10
1979                      4.2467658050759095E-10
1980                      4.239893619566157E-10
1981                      4.2330362382457014E-10
1982                      4.2261936209451843E-10
1983                      4.219365727631283E-10
1984                      4.212552518393879E-10
1985                      4.2057539534602125E-10
1986                      4.198969993180435E-10
1987                      4.1922005980397664E-10
1988                      4.1854457286457865E-10
1989                      4.178705345738996E-10
1990                      4.1719794101811307E-10
1991                      4.165267882968297E-10
1992                      4.1585707252185125E-10
1993                      4.151887898176988E-10
1994                      4.1452193632123436E-10
1995                      4.1385650818201404E-10
1996                      4.131925015620987E-10
1997                      4.1252991263600534E-10
1998                      4.118687375902961E-10
1999                      4.112089726241825E-10
2000                      4.1055061394879793E-10
