% Model:              frequency_response_and_eigenfrequencies_rayleigh_damping.mph
% Version:            COMSOL 5.2.0.220
% Date:               Dec 25 2018, 01:13
% Dimension:          1
% Nodes:              2001
% Expressions:        1
% Description:        Point graph
% x                       Height
0                         6.223181556966379E-5
1                         6.097209099443871E-5
2                         5.772682911410464E-5
3                         5.360523487521979E-5
4                         4.952449374533075E-5
5                         4.5948282177088066E-5
6                         4.300223717608463E-5
7                         4.0641171318595696E-5
8                         3.875462867947987E-5
9                         3.7217568221098754E-5
10                        3.591168912461269E-5
11                        3.473423251480798E-5
12                        3.360240068097501E-5
13                        3.245640484065274E-5
14                        3.1261423935478516E-5
15                        3.0007539888384113E-5
16                        2.870670181125424E-5
17                        2.7386658562077235E-5
18                        2.6082950085838174E-5
19                        2.4830731078115185E-5
20                        2.3658085030807302E-5
21                        2.2581811481470852E-5
22                        2.1605920442525235E-5
23                        2.0722562082888316E-5
24                        1.991487252199269E-5
25                        1.9161085380243367E-5
26                        1.8439133652869693E-5
27                        1.773086302468482E-5
28                        1.702501137373188E-5
29                        1.631838711503584E-5
30                        1.5615175241704535E-5
31                        1.4924821301030055E-5
32                        1.4259250044983584E-5
33                        1.3630160759060386E-5
34                        1.3046896874990648E-5
35                        1.2515099952082001E-5
36                        1.2036160565989788E-5
37                        1.1607390241379551E-5
38                        1.122280372226474E-5
39                        1.0874360039856354E-5
40                        1.0553444403578121E-5
41                        1.0252307290560928E-5
42                        9.9651627169022E-6
43                        9.688723488705455E-6
44                        9.422111559031687E-6
45                        9.166268470318849E-6
46                        8.923123687892066E-6
47                        8.69480319637001E-6
48                        8.483079610556721E-6
49                        8.289129393678382E-6
50                        8.113538738028355E-6
51                        7.956435259262873E-6
52                        7.81763005578301E-6
53                        7.696710682730791E-6
54                        7.59308808766303E-6
55                        7.506033320748869E-6
56                        7.434731690594548E-6
57                        7.3783488827458415E-6
58                        7.3360738698855195E-6
59                        7.307098716160956E-6
60                        7.290518380828682E-6
61                        7.28516993525627E-6
62                        7.289460049594573E-6
63                        7.3012387902464866E-6
64                        7.317765747839914E-6
65                        7.335789760915606E-6
66                        7.3517366527944625E-6
67                        7.361977728755276E-6
68                        7.363138079859343E-6
69                        7.35239828718131E-6
70                        7.327745673764675E-6
71                        7.288141271307683E-6
72                        7.233584305358012E-6
73                        7.165073493681183E-6
74                        7.084479247874528E-6
75                        6.994349806856273E-6
76                        6.897677066228448E-6
77                        6.79764640967459E-6
78                        6.697391719003252E-6
79                        6.599773428549384E-6
80                        6.507194165962652E-6
81                        6.421462774550844E-6
82                        6.343713147354523E-6
83                        6.274379603906632E-6
84                        6.213226067025906E-6
85                        6.159422521303425E-6
86                        6.111659385521021E-6
87                        6.0682884734293695E-6
88                        6.027478018558074E-6
89                        5.98736872247045E-6
90                        5.946218032024217E-6
91                        5.902521096541837E-6
92                        5.855099331823485E-6
93                        5.80315124350497E-6
94                        5.746264762731444E-6
95                        5.684395047262101E-6
96                        5.617815537594665E-6
97                        5.547052214206633E-6
98                        5.4728111282638695E-6
99                        5.395907611788489E-6
100                       5.317202821906163E-6
101                       5.237550340790949E-6
102                       5.157753199387028E-6
103                       5.078530339233719E-6
104                       5.000491184243414E-6
105                       4.924117370083799E-6
106                       4.849751343693986E-6
107                       4.777592107326619E-6
108                       4.7076985919939876E-6
109                       4.640000931476521E-6
110                       4.574319343748811E-6
111                       4.510389570561625E-6
112                       4.447893067215016E-6
113                       4.386489536500433E-6
114                       4.325849086751891E-6
115                       4.265681320114553E-6
116                       4.205759021633957E-6
117                       4.145934760638756E-6
118                       4.0861495300844505E-6
119                       4.026433409917468E-6
120                       3.966899022520645E-6
121                       3.9077291516990125E-6
122                       3.849160263131314E-6
123                       3.7914637811600577E-6
124                       3.7349268759150478E-6
125                       3.6798342528833987E-6
126                       3.626452083949861E-6
127                       3.5750148400137458E-6
128                       3.52571542974462E-6
129                       3.4786987489298215E-6
130                       3.4340585128264917E-6
131                       3.3918370789742445E-6
132                       3.3520278605815505E-6
133                       3.314579868477667E-6
134                       3.2794038895995023E-6
135                       3.246379802746103E-6
136                       3.215364541899686E-6
137                       3.1862002402071556E-6
138                       3.1587221242786223E-6
139                       3.1327657777179982E-6
140                       3.10817345662605E-6
141                       3.0847992160287036E-6
142                       3.06251269221412E-6
143                       3.041201477933844E-6
144                       3.020772117912074E-6
145                       3.001149836018877E-6
146                       2.98227717518509E-6
147                       2.9641117825042174E-6
148                       2.9466236016378135E-6
149                       2.929791741845542E-6
150                       2.91360127980965E-6
151                       2.8980402197128917E-6
152                       2.8830967943069347E-6
153                       2.868757239683895E-6
154                       2.8550041245641853E-6
155                       2.8418152654757698E-6
156                       2.8291632156998818E-6
157                       2.8170152804076895E-6
158                       2.805333984063741E-6
159                       2.7940778992051984E-6
160                       2.7832027371739674E-6
161                       2.772662600401794E-6
162                       2.7624113007247594E-6
163                       2.7524036577597955E-6
164                       2.7425967038981673E-6
165                       2.732950736974778E-6
166                       2.7234301769537784E-6
167                       2.7140041982009594E-6
168                       2.7046471234831093E-6
169                       2.6953385793515247E-6
170                       2.6860634241806813E-6
171                       2.676811470207172E-6
172                       2.6675770286878795E-6
173                       2.658358313034887E-6
174                       2.6491567380991155E-6
175                       2.6399761551876662E-6
176                       2.630822061574863E-6
177                       2.6217008207916165E-6
178                       2.6126189259772695E-6
179                       2.603582333449748E-6
180                       2.594595887798175E-6
181                       2.585662853542417E-6
182                       2.5767845622171354E-6
183                       2.5679601777133407E-6
184                       2.5591865774683134E-6
185                       2.5504583424546363E-6
186                       2.5417678452819676E-6
187                       2.5331054229509236E-6
188                       2.5244596191524E-6
189                       2.51581748003288E-6
190                       2.5071648873187403E-6
191                       2.4984869134365914E-6
192                       2.4897681841833518E-6
193                       2.480993236304508E-6
194                       2.4721468590088704E-6
195                       2.463214410383788E-6
196                       2.454182101749729E-6
197                       2.44503724475689E-6
198                       2.435768457933995E-6
199                       2.4263658309455286E-6
200                       2.4168210462285225E-6
201                       2.407127458954801E-6
202                       2.397280137209488E-6
203                       2.387275865139196E-6
204                       2.3771131124772368E-6
205                       2.3667919742230363E-6
206                       2.3563140847400553E-6
207                       2.345682510535234E-6
208                       2.3349016261875505E-6
209                       2.323976977767801E-6
210                       2.312915137933291E-6
211                       2.3017235567182956E-6
212                       2.290410411663367E-6
213                       2.2789844605770303E-6
214                       2.2674548997978672E-6
215                       2.255831230421792E-6
216                       2.2441231343913844E-6
217                       2.232340361969006E-6
218                       2.220492631573312E-6
219                       2.2085895425727716E-6
220                       2.1966405011608843E-6
221                       2.184654659136281E-6
222                       2.172640865052734E-6
223                       2.160607626943939E-6
224                       2.148563085672811E-6
225                       2.136514997768875E-6
226                       2.1244707265477555E-6
227                       2.112437240255761E-6
228                       2.100421116051446E-6
229                       2.0884285485898458E-6
230                       2.07646536213138E-6
231                       2.064537025169743E-6
232                       2.0526486667115845E-6
233                       2.0408050934139375E-6
234                       2.029010807011172E-6
235                       2.0172700214780863E-6
236                       2.005586679600635E-6
237                       1.993964468660185E-6
238                       1.9824068350792965E-6
239                       1.970916997933841E-6
240                       1.9594979613282657E-6
241                       1.948152525658334E-6
242                       1.9368832978533225E-6
243                       1.9256927006907535E-6
244                       1.914582981321441E-6
245                       1.9035562191244115E-6
246                       1.8926143330047301E-6
247                       1.8817590882812412E-6
248                       1.8709921032550584E-6
249                       1.8603148555406848E-6
250                       1.8497286882450002E-6
251                       1.8392348160438708E-6
252                       1.8288343311844839E-6
253                       1.8185282094582194E-6
254                       1.808317316092949E-6
255                       1.798202411628212E-6
256                       1.7881841576815715E-6
257                       1.7782631226208172E-6
258                       1.7684397870939841E-6
259                       1.7587145493754426E-6
260                       1.7490877304918664E-6
261                       1.7395595790810857E-6
262                       1.7301302759697333E-6
263                       1.7207999384143688E-6
264                       1.711568623993742E-6
265                       1.7024363341286314E-6
266                       1.6934030172271935E-6
267                       1.6844685714363903E-6
268                       1.6756328470191964E-6
269                       1.666895648358366E-6
270                       1.6582567356066727E-6
271                       1.6497158260109306E-6
272                       1.6412725949429033E-6
273                       1.632926676648359E-6
274                       1.6246776647872675E-6
275                       1.6165251127754796E-6
276                       1.6084685339798024E-6
277                       1.600507401805062E-6
278                       1.5926411497215851E-6
279                       1.5848691712579456E-6
280                       1.5771908200079253E-6
281                       1.5696054096803182E-6
282                       1.562112214218554E-6
283                       1.5547104680260772E-6
284                       1.5473993663089043E-6
285                       1.5401780655546804E-6
286                       1.5330456841744177E-6
287                       1.526001303298575E-6
288                       1.5190439677340992E-6
289                       1.5121726870995723E-6
290                       1.5053864371142947E-6
291                       1.4986841610474522E-6
292                       1.4920647713169905E-6
293                       1.4855271512064689E-6
294                       1.4790701567383733E-6
295                       1.4726926186030606E-6
296                       1.4663933442197524E-6
297                       1.460171119839064E-6
298                       1.4540247127091758E-6
299                       1.4479528732706626E-6
300                       1.441954337365915E-6
301                       1.4360278284580068E-6
302                       1.430172059809052E-6
303                       1.4243857366478104E-6
304                       1.4186675582779739E-6
305                       1.413016220131546E-6
306                       1.4074304157510238E-6
307                       1.401908838690723E-6
308                       1.3964501843401233E-6
309                       1.391053151637048E-6
310                       1.38571644470504E-6
311                       1.3804387743738018E-6
312                       1.3752188596090977E-6
313                       1.3700554288307842E-6
314                       1.3649472211388606E-6
315                       1.359892987437335E-6
316                       1.3548914914593418E-6
317                       1.3499415107009899E-6
318                       1.34504183726644E-6
319                       1.3401912786303626E-6
320                       1.3353886583182753E-6
321                       1.3306328165186034E-6
322                       1.3259226106159674E-6
323                       1.3212569156733375E-6
324                       1.3166346248474398E-6
325                       1.3120546497568722E-6
326                       1.3075159208016836E-6
327                       1.3030173874349115E-6
328                       1.298558018403603E-6
329                       1.2941368019524043E-6
330                       1.2897527459903513E-6
331                       1.285404878244589E-6
332                       1.2810922463703094E-6
333                       1.2768139180615182E-6
334                       1.272568981119883E-6
335                       1.2683565435215138E-6
336                       1.2641757334644032E-6
337                       1.2600256993930207E-6
338                       1.2559056100202133E-6
339                       1.2518146543277463E-6
340                       1.2477520415572987E-6
341                       1.243717001188166E-6
342                       1.2397087829017592E-6
343                       1.2357266565339118E-6
344                       1.2317699120160063E-6
345                       1.2278378592993524E-6
346                       1.2239298282676961E-6
347                       1.2200451686417114E-6
348                       1.2161832498595072E-6
349                       1.21234346094833E-6
350                       1.2085252103862675E-6
351                       1.2047279259364826E-6
352                       1.2009510544834635E-6
353                       1.1971940618361997E-6
354                       1.193456432532736E-6
355                       1.189737669617284E-6
356                       1.1860372944113892E-6
357                       1.1823548462632407E-6
358                       1.1786898822892331E-6
359                       1.1750419770978229E-6
360                       1.1714107224992002E-6
361                       1.1677957272050355E-6
362                       1.1641966165167613E-6
363                       1.1606130319966945E-6
364                       1.1570446311360082E-6
365                       1.1534910870046598E-6
366                       1.149952087900781E-6
367                       1.1464273369850227E-6
368                       1.142916551911985E-6
369                       1.1394194644503896E-6
370                       1.1359358201032765E-6
371                       1.1324653777214964E-6
372                       1.1290079091126068E-6
373                       1.125563198647781E-6
374                       1.122131042867298E-6
375                       1.1187112500855695E-6
376                       1.1153036399942743E-6
377                       1.111908043271521E-6
378                       1.1085243011834784E-6
379                       1.105152265198871E-6
380                       1.101791796599658E-6
381                       1.0984427660974093E-6
382                       1.0951050534558248E-6
383                       1.091778547116465E-6
384                       1.0884631438305159E-6
385                       1.0851587482972758E-6
386                       1.081865272809442E-6
387                       1.078582636904435E-6
388                       1.0753107670232903E-6
389                       1.07204959617982E-6
390                       1.0687990636321148E-6
391                       1.0655591145696086E-6
392                       1.062329699802107E-6
393                       1.0591107754608875E-6
394                       1.0559023027089518E-6
395                       1.0527042474568705E-6
396                       1.04951658009019E-6
397                       1.0463392752048768E-6
398                       1.0431723113530193E-6
399                       1.0400156707930448E-6
400                       1.0368693392553587E-6
401                       1.033733305707995E-6
402                       1.0306075621405167E-6
403                       1.0274921033497316E-6
404                       1.0243869267337773E-6
405                       1.0212920320989396E-6
406                       1.0182074214700442E-6
407                       1.0151330989097022E-6
408                       1.0120690703478701E-6
409                       1.0090153434131427E-6
410                       1.0059719272798174E-6
411                       1.0029388325111465E-6
412                       9.999160709202685E-7
413                       9.969036554302698E-7
414                       9.939015999430193E-7
415                       9.909099192148232E-7
416                       9.879286287382184E-7
417                       9.849577446289183E-7
418                       9.819972835160214E-7
419                       9.790472624431812E-7
420                       9.761076987702886E-7
421                       9.731786100810968E-7
422                       9.702600140976325E-7
423                       9.673519285956047E-7
424                       9.644543713290814E-7
425                       9.615673599542475E-7
426                       9.586909119616795E-7
427                       9.558250446102693E-7
428                       9.529697748640253E-7
429                       9.501251193356338E-7
430                       9.472910942303284E-7
431                       9.44467715295037E-7
432                       9.416549977700339E-7
433                       9.388529563437412E-7
434                       9.360616051103052E-7
435                       9.33280957529532E-7
436                       9.305110263919496E-7
437                       9.277518237819108E-7
438                       9.2500336104802E-7
439                       9.222656487724989E-7
440                       9.19538696745306E-7
441                       9.168225139372766E-7
442                       9.141171084789181E-7
443                       9.114224876396676E-7
444                       9.087386578065038E-7
445                       9.060656244697112E-7
446                       9.034033922062308E-7
447                       9.00751964664173E-7
448                       8.981113445549728E-7
449                       8.954815336386005E-7
450                       8.928625327161558E-7
451                       8.902543416227554E-7
452                       8.87656959219718E-7
453                       8.850703833902254E-7
454                       8.824946110371876E-7
455                       8.799296380759336E-7
456                       8.773754594383189E-7
457                       8.748320690679446E-7
458                       8.722994599232094E-7
459                       8.697776239781966E-7
460                       8.672665522248471E-7
461                       8.647662346764712E-7
462                       8.622766603725437E-7
463                       8.597978173839901E-7
464                       8.5732969281714E-7
465                       8.548722728235154E-7
466                       8.524255426043407E-7
467                       8.499894864198892E-7
468                       8.475640875985773E-7
469                       8.451493285453929E-7
470                       8.427451907510874E-7
471                       8.403516548044727E-7
472                       8.379687004020293E-7
473                       8.355963063594486E-7
474                       8.332344506233035E-7
475                       8.308831102843342E-7
476                       8.285422615880887E-7
477                       8.262118799508237E-7
478                       8.238919399698229E-7
479                       8.215824154395609E-7
480                       8.192832793644658E-7
481                       8.169945039735499E-7
482                       8.147160607345745E-7
483                       8.124479203693232E-7
484                       8.101900528693019E-7
485                       8.079424275086017E-7
486                       8.057050128618625E-7
487                       8.034777768183975E-7
488                       8.01260686598183E-7
489                       7.990537087672197E-7
490                       7.968568092539159E-7
491                       7.946699533654877E-7
492                       7.924931058023484E-7
493                       7.903262306763305E-7
494                       7.881692915249651E-7
495                       7.860222513283372E-7
496                       7.838850725251935E-7
497                       7.817577170298184E-7
498                       7.796401462463253E-7
499                       7.775323210868042E-7
500                       7.754342019851797E-7
501                       7.733457489159713E-7
502                       7.712669214069878E-7
503                       7.691976785576959E-7
504                       7.671379790541411E-7
505                       7.650877811835474E-7
506                       7.630470428520128E-7
507                       7.610157215978119E-7
508                       7.589937746080721E-7
509                       7.569811587331033E-7
510                       7.549778305020657E-7
511                       7.529837461376013E-7
512                       7.509988615701663E-7
513                       7.490231324533009E-7
514                       7.470565141777603E-7
515                       7.4509896188527E-7
516                       7.431504304832671E-7
517                       7.412108746585076E-7
518                       7.392802488905031E-7
519                       7.373585074659134E-7
520                       7.354456044902465E-7
521                       7.335414939027769E-7
522                       7.316461294881311E-7
523                       7.29759464889219E-7
524                       7.278814536204239E-7
525                       7.260120490796753E-7
526                       7.241512045595319E-7
527                       7.222988732600588E-7
528                       7.204550083007855E-7
529                       7.186195627307355E-7
530                       7.167924895408797E-7
531                       7.149737416752598E-7
532                       7.131632720400188E-7
533                       7.113610335164567E-7
534                       7.095669789693471E-7
535                       7.077810612580375E-7
536                       7.060032332464581E-7
537                       7.042334478119898E-7
538                       7.024716578558807E-7
539                       7.007178163117771E-7
540                       6.989718761551919E-7
541                       6.972337904122098E-7
542                       6.955035121681226E-7
543                       6.937809945753302E-7
544                       6.920661908625169E-7
545                       6.903590543412922E-7
546                       6.886595384161987E-7
547                       6.869675965887661E-7
548                       6.852831824678427E-7
549                       6.836062497759803E-7
550                       6.819367523558913E-7
551                       6.802746441763752E-7
552                       6.786198793417078E-7
553                       6.769724120947659E-7
554                       6.75332196824762E-7
555                       6.736991880733035E-7
556                       6.720733405394578E-7
557                       6.704546090857159E-7
558                       6.688429487432942E-7
559                       6.672383147173827E-7
560                       6.656406623921974E-7
561                       6.640499473359084E-7
562                       6.624661253047139E-7
563                       6.608891522479728E-7
564                       6.593189843124809E-7
565                       6.577555778461114E-7
566                       6.561988894025258E-7
567                       6.546488757445067E-7
568                       6.531054938473349E-7
569                       6.515687009033708E-7
570                       6.500384543244661E-7
571                       6.485147117455736E-7
572                       6.469974310274097E-7
573                       6.454865702598837E-7
574                       6.439820877646976E-7
575                       6.424839420975355E-7
576                       6.409920920515373E-7
577                       6.395064966582988E-7
578                       6.380271151918375E-7
579                       6.365539071687328E-7
580                       6.350868323515626E-7
581                       6.336258507501497E-7
582                       6.32170922623765E-7
583                       6.307220084815164E-7
584                       6.292790690857256E-7
585                       6.278420654513163E-7
586                       6.264109588487545E-7
587                       6.249857108042637E-7
588                       6.235662831007193E-7
589                       6.221526377798462E-7
590                       6.207447371413778E-7
591                       6.193425437451851E-7
592                       6.179460204110699E-7
593                       6.165551302199724E-7
594                       6.151698365139257E-7
595                       6.137901028966113E-7
596                       6.124158932339877E-7
597                       6.110471716539095E-7
598                       6.09683902546942E-7
599                       6.083260505655683E-7
600                       6.069735806254087E-7
601                       6.056264579037934E-7
602                       6.042846478399833E-7
603                       6.029481161361566E-7
604                       6.01616828754974E-7
605                       6.002907519212553E-7
606                       5.989698521200656E-7
607                       5.976540960969406E-7
608                       5.96343450857238E-7
609                       5.950378836653987E-7
610                       5.937373620444537E-7
611                       5.924418537751268E-7
612                       5.911513268953265E-7
613                       5.898657496990359E-7
614                       5.885850907352872E-7
615                       5.873093188078778E-7
616                       5.860384029738615E-7
617                       5.84772312542713E-7
618                       5.835110170753852E-7
619                       5.822544863831036E-7
620                       5.810026905259109E-7
621                       5.797555998126158E-7
622                       5.785131847978408E-7
623                       5.772754162827828E-7
624                       5.760422653119847E-7
625                       5.748137031736478E-7
626                       5.735897013972847E-7
627                       5.723702317534099E-7
628                       5.711552662502611E-7
629                       5.699447771345977E-7
630                       5.687387368889393E-7
631                       5.675371182305755E-7
632                       5.663398941099553E-7
633                       5.651470377088575E-7
634                       5.639585224394136E-7
635                       5.627743219426686E-7
636                       5.615944100864248E-7
637                       5.60418760963928E-7
638                       5.592473488923472E-7
639                       5.580801484114323E-7
640                       5.569171342812853E-7
641                       5.557582814810816E-7
642                       5.546035652080048E-7
643                       5.534529608740417E-7
644                       5.523064441061817E-7
645                       5.511639907433046E-7
646                       5.500255768354452E-7
647                       5.488911786414438E-7
648                       5.477607726278249E-7
649                       5.466343354668756E-7
650                       5.455118440343959E-7
651                       5.443932754092573E-7
652                       5.432786068703081E-7
653                       5.421678158957949E-7
654                       5.410608801609035E-7
655                       5.39957777536428E-7
656                       5.388584860870611E-7
657                       5.377629840692563E-7
658                       5.366712499300967E-7
659                       5.355832623052174E-7
660                       5.344990000176148E-7
661                       5.33418442074863E-7
662                       5.323415676685491E-7
663                       5.312683561719322E-7
664                       5.301987871385575E-7
665                       5.291328403003568E-7
666                       5.280704955659475E-7
667                       5.270117330194679E-7
668                       5.259565329179169E-7
669                       5.249048756904203E-7
670                       5.238567419360058E-7
671                       5.228121124223211E-7
672                       5.217709680836838E-7
673                       5.207332900194466E-7
674                       5.196990594927393E-7
675                       5.186682579282252E-7
676                       5.176408669110649E-7
677                       5.166168681851917E-7
678                       5.155962436511061E-7
679                       5.145789753652689E-7
680                       5.135650455377689E-7
681                       5.125544365308608E-7
682                       5.11547130857888E-7
683                       5.105431111807177E-7
684                       5.09542360309711E-7
685                       5.085448612005518E-7
686                       5.075505969540286E-7
687                       5.065595508135329E-7
688                       5.055717061644351E-7
689                       5.045870465316611E-7
690                       5.036055555791878E-7
691                       5.026272171076626E-7
692                       5.016520150538513E-7
693                       5.00679933488264E-7
694                       4.997109566145002E-7
695                       4.98745068767172E-7
696                       4.977822544109913E-7
697                       4.968224981392837E-7
698                       4.958657846722304E-7
699                       4.949120988561543E-7
700                       4.939614256611814E-7
701                       4.930137501811652E-7
702                       4.920690576310887E-7
703                       4.911273333465576E-7
704                       4.901885627821465E-7
705                       4.892527315102297E-7
706                       4.883198252196116E-7
707                       4.873898297139903E-7
708                       4.864627309115881E-7
709                       4.855385148425772E-7
710                       4.846171676489745E-7
711                       4.836986755827489E-7
712                       4.827830250049546E-7
713                       4.818702023843111E-7
714                       4.809601942961544E-7
715                       4.80052987421001E-7
716                       4.791485685435559E-7
717                       4.782469245521694E-7
718                       4.773480424361402E-7
719                       4.7645190928612455E-7
720                       4.755585122924604E-7
721                       4.746678387436738E-7
722                       4.737798760256028E-7
723                       4.72894611621206E-7
724                       4.720120331079252E-7
725                       4.711321281577472E-7
726                       4.7025488453561117E-7
727                       4.6938029009892273E-7
728                       4.6850833279597E-7
729                       4.6763900066492525E-7
730                       4.6677228183337857E-7
731                       4.6590816451681575E-7
732                       4.650466370179283E-7
733                       4.641876877253728E-7
734                       4.63331305113067E-7
735                       4.6247747773935987E-7
736                       4.616261942456533E-7
737                       4.607774433556751E-7
738                       4.599312138747163E-7
739                       4.590874946885909E-7
740                       4.5824627476286604E-7
741                       4.57407543141786E-7
742                       4.56571288947486E-7
743                       4.5573750137914827E-7
744                       4.549061697123367E-7
745                       4.5407728329776304E-7
746                       4.532508315606702E-7
747                       4.5242680400021666E-7
748                       4.516051901882833E-7
749                       4.507859797688112E-7
750                       4.4996916245721306E-7
751                       4.4915472803951305E-7
752                       4.4834266637115135E-7
753                       4.4753296737698424E-7
754                       4.4672562104984924E-7
755                       4.459206174501939E-7
756                       4.4511794670539884E-7
757                       4.443175990086825E-7
758                       4.435195646186379E-7
759                       4.427238338587428E-7
760                       4.4193039711628163E-7
761                       4.41139244841768E-7
762                       4.403503675483783E-7
763                       4.395637558112619E-7
764                       4.387794002666581E-7
765                       4.379972916118159E-7
766                       4.372174206035855E-7
767                       4.3643977805816924E-7
768                       4.3566435485085713E-7
769                       4.348911419147416E-7
770                       4.341201302404088E-7
771                       4.333513108754124E-7
772                       4.3258467492370837E-7
773                       4.318202135447244E-7
774                       4.310579179535086E-7
775                       4.3029777941907323E-7
776                       4.295397892647649E-7
777                       4.287839388673936E-7
778                       4.280302196566783E-7
779                       4.272786231147453E-7
780                       4.2652914077530217E-7
781                       4.2578176422357947E-7
782                       4.250364850956262E-7
783                       4.242932950776737E-7
784                       4.235521859057916E-7
785                       4.22813149365295E-7
786                       4.220761772903199E-7
787                       4.213412615632059E-7
788                       4.206083941143297E-7
789                       4.1987756692114127E-7
790                       4.1914877200823876E-7
791                       4.184220014464275E-7
792                       4.176972473526336E-7
793                       4.169745018892098E-7
794                       4.1625375726381027E-7
795                       4.155350057284858E-7
796                       4.1481823957958163E-7
797                       4.1410345115726877E-7
798                       4.133906328451472E-7
799                       4.1267977706968736E-7
800                       4.119708763000165E-7
801                       4.112639230475073E-7
802                       4.105589098648935E-7
803                       4.098558293468644E-7
804                       4.0915467412859E-7
805                       4.08455436886321E-7
806                       4.0775811033604356E-7
807                       4.07062687233947E-7
808                       4.0636916037578487E-7
809                       4.056775225962078E-7
810                       4.049877667687268E-7
811                       4.042998858053473E-7
812                       4.0361387265626267E-7
813                       4.029297203092244E-7
814                       4.0224742178948045E-7
815                       4.0156697015934345E-7
816                       4.008883585180689E-7
817                       4.002115800010758E-7
818                       3.995366277799358E-7
819                       3.988634950622965E-7
820                       3.9819217509095873E-7
821                       3.975226611441716E-7
822                       3.96854946534909E-7
823                       3.961890246107682E-7
824                       3.955248887536077E-7
825                       3.948625323794263E-7
826                       3.942019489377603E-7
827                       3.935431319117931E-7
828                       3.928860748175929E-7
829                       3.922307712043743E-7
830                       3.9157721465367716E-7
831                       3.9092539877971485E-7
832                       3.902753172284911E-7
833                       3.8962696367806594E-7
834                       3.8898033183780856E-7
835                       3.88335415448499E-7
836                       3.876922082820816E-7
837                       3.8705070414119936E-7
838                       3.8641089685897336E-7
839                       3.8577278029914516E-7
840                       3.851363483550709E-7
841                       3.845015949502971E-7
842                       3.8386851403801105E-7
843                       3.832370996005522E-7
844                       3.826073456496443E-7
845                       3.819792462256889E-7
846                       3.8135279539813676E-7
847                       3.8072798726458006E-7
848                       3.8010481595118144E-7
849                       3.7948327561199134E-7
850                       3.788633604290085E-7
851                       3.7824506461180743E-7
852                       3.776283823975486E-7
853                       3.7701330805049136E-7
854                       3.7639983586207476E-7
855                       3.7578796015033704E-7
856                       3.751776752603708E-7
857                       3.745689755633044E-7
858                       3.73961855456873E-7
859                       3.7335630936475246E-7
860                       3.727523317364843E-7
861                       3.7214991704733286E-7
862                       3.7154905979824913E-7
863                       3.709497545152984E-7
864                       3.703519957499937E-7
865                       3.6975577807862544E-7
866                       3.6916109610249894E-7
867                       3.685679444473218E-7
868                       3.679763177636664E-7
869                       3.673862107261179E-7
870                       3.6679761803355025E-7
871                       3.662105344088532E-7
872                       3.6562495459871024E-7
873                       3.650408733735567E-7
874                       3.6445828552726006E-7
875                       3.6387718587720977E-7
876                       3.6329756926376495E-7
877                       3.627194305504721E-7
878                       3.6214276462398663E-7
879                       3.615675663934857E-7
880                       3.609938307907118E-7
881                       3.6042155277022057E-7
882                       3.5985072730860176E-7
883                       3.5928134940462165E-7
884                       3.5871341407925117E-7
885                       3.5814691637536265E-7
886                       3.5758185135757824E-7
887                       3.57018214112005E-7
888                       3.5645599974647076E-7
889                       3.558952033901125E-7
890                       3.55335820193276E-7
891                       3.5477784532735983E-7
892                       3.54221273984884E-7
893                       3.536661013791154E-7
894                       3.531123227439719E-7
895                       3.525599333342216E-7
896                       3.5200892842499033E-7
897                       3.514593033115991E-7
898                       3.5091105330984393E-7
899                       3.503641737555367E-7
900                       3.4981866000448594E-7
901                       3.492745074323928E-7
902                       3.4873171143473943E-7
903                       3.481902674266324E-7
904                       3.476501708426834E-7
905                       3.4711141713699466E-7
906                       3.4657400178293227E-7
907                       3.460379202731783E-7
908                       3.455031681193189E-7
909                       3.4496974085210176E-7
910                       3.444376340209881E-7
911                       3.4390684319437786E-7
912                       3.4337736395918954E-7
913                       3.42849191921033E-7
914                       3.4232232270390467E-7
915                       3.417967519501046E-7
916                       3.412724753203104E-7
917                       3.407494884932846E-7
918                       3.4022778716587143E-7
919                       3.3970736705276496E-7
920                       3.391882238867099E-7
921                       3.3867035341806276E-7
922                       3.381537514149286E-7
923                       3.3763841366288535E-7
924                       3.3712433596503066E-7
925                       3.366115141419729E-7
926                       3.3609994403143536E-7
927                       3.3558962148841773E-7
928                       3.3508054238498623E-7
929                       3.3457270261025475E-7
930                       3.340660980703698E-7
931                       3.3356072468802857E-7
932                       3.3305657840302465E-7
933                       3.3255365517159375E-7
934                       3.3205195096652885E-7
935                       3.3155146177731243E-7
936                       3.310521836096194E-7
937                       3.305541124856219E-7
938                       3.3005724444356896E-7
939                       3.295615755379443E-7
940                       3.290671018394379E-7
941                       3.2857381943444857E-7
942                       3.2808172442542655E-7
943                       3.275908129307336E-7
944                       3.271010810843625E-7
945                       3.266125250360463E-7
946                       3.261251409510471E-7
947                       3.2563892501019247E-7
948                       3.251538734096958E-7
949                       3.2466998236118633E-7
950                       3.241872480915663E-7
951                       3.237056668428918E-7
952                       3.2322523487238976E-7
953                       3.227459484523851E-7
954                       3.2226780387009253E-7
955                       3.2179079742769473E-7
956                       3.213149254422678E-7
957                       3.2084018424545907E-7
958                       3.2036657018391473E-7
959                       3.198940796186165E-7
960                       3.19422708925199E-7
961                       3.1895245449382576E-7
962                       3.184833127289941E-7
963                       3.1801528004958644E-7
964                       3.175483528888148E-7
965                       3.1708252769394814E-7
966                       3.1661780092647654E-7
967                       3.161541690619936E-7
968                       3.1569162859003586E-7
969                       3.152301760140788E-7
970                       3.1476980785148283E-7
971                       3.1431052063344633E-7
972                       3.138523109048075E-7
973                       3.1339517522417585E-7
974                       3.129391101636981E-7
975                       3.124841123090759E-7
976                       3.120301782595987E-7
977                       3.115773046278209E-7
978                       3.111254880396983E-7
979                       3.1067472513457035E-7
980                       3.102250125648447E-7
981                       3.0977634699621667E-7
982                       3.093287251074783E-7
983                       3.0888214359046766E-7
984                       3.0843659914988637E-7
985                       3.07992088503565E-7
986                       3.0754860838208016E-7
987                       3.071061555287976E-7
988                       3.066647266999146E-7
989                       3.062243186641944E-7
990                       3.057849282031629E-7
991                       3.0534655211089573E-7
992                       3.049091871939199E-7
993                       3.044728302712E-7
994                       3.0403747817425683E-7
995                       3.036031277467738E-7
996                       3.0316977584483083E-7
997                       3.027374193367231E-7
998                       3.023060551028831E-7
999                       3.0187568003594797E-7
1000                      3.014462910405039E-7
1001                      3.0101788503328986E-7
1002                      3.005904589428562E-7
1003                      3.0016400970977226E-7
1004                      2.997385342864394E-7
1005                      2.993140296369695E-7
1006                      2.988904927373171E-7
1007                      2.984679205750788E-7
1008                      2.9804631014950445E-7
1009                      2.976256584714499E-7
1010                      2.972059625632746E-7
1011                      2.9678721945884243E-7
1012                      2.963694262033545E-7
1013                      2.959525798536086E-7
1014                      2.9553667747756133E-7
1015                      2.951217161543484E-7
1016                      2.947076929746603E-7
1017                      2.9429460504009706E-7
1018                      2.938824494634658E-7
1019                      2.9347122336864E-7
1020                      2.9306092389058946E-7
1021                      2.9265154817521074E-7
1022                      2.922430933792844E-7
1023                      2.918355566706243E-7
1024                      2.914289352276946E-7
1025                      2.910232262399093E-7
1026                      2.906184269073191E-7
1027                      2.902145344407289E-7
1028                      2.898115460615232E-7
1029                      2.894094590017814E-7
1030                      2.890082705040875E-7
1031                      2.886079778215102E-7
1032                      2.882085782175291E-7
1033                      2.8781006896622077E-7
1034                      2.874124473518161E-7
1035                      2.870157106690837E-7
1036                      2.8661985622278196E-7
1037                      2.862248813282754E-7
1038                      2.858307833107867E-7
1039                      2.854375595058285E-7
1040                      2.850452072590219E-7
1041                      2.8465372392599326E-7
1042                      2.8426310687244936E-7
1043                      2.8387335347395644E-7
1044                      2.8348446111609177E-7
1045                      2.830964271943035E-7
1046                      2.827092491138111E-7
1047                      2.8232292428974E-7
1048                      2.819374501468991E-7
1049                      2.815528241198281E-7
1050                      2.8116904365265164E-7
1051                      2.80786106199238E-7
1052                      2.804040092229573E-7
1053                      2.8002275019684867E-7
1054                      2.796423266032288E-7
1055                      2.792627359340899E-7
1056                      2.7888397569074535E-7
1057                      2.785060433839135E-7
1058                      2.7812893653356953E-7
1059                      2.777526526690802E-7
1060                      2.773771893290701E-7
1061                      2.770025440613078E-7
1062                      2.766287144228289E-7
1063                      2.7625569797974805E-7
1064                      2.758834923071992E-7
1065                      2.755120949895506E-7
1066                      2.751415036200907E-7
1067                      2.747717158010711E-7
1068                      2.7440272914368857E-7
1069                      2.7403454126819057E-7
1070                      2.7366714980344354E-7
1071                      2.733005523872856E-7
1072                      2.7293474666637634E-7
1073                      2.7256973029601074E-7
1074                      2.722055009403082E-7
1075                      2.7184205627196044E-7
1076                      2.714793939724066E-7
1077                      2.711175117315799E-7
1078                      2.7075640724807823E-7
1079                      2.7039607822896793E-7
1080                      2.700365223897637E-7
1081                      2.6967773745456384E-7
1082                      2.6931972115581354E-7
1083                      2.689624712342764E-7
1084                      2.686059854391719E-7
1085                      2.682502615279796E-7
1086                      2.6789529726645284E-7
1087                      2.6754109042855336E-7
1088                      2.6718763879659294E-7
1089                      2.668349401608459E-7
1090                      2.664829923198153E-7
1091                      2.661317930802185E-7
1092                      2.657813402566383E-7
1093                      2.654316316718283E-7
1094                      2.6508266515648825E-7
1095                      2.647344385491955E-7
1096                      2.6438694969667094E-7
1097                      2.64040196453379E-7
1098                      2.636941766816333E-7
1099                      2.633488882515857E-7
1100                      2.6300432904131413E-7
1101                      2.626604969364602E-7
1102                      2.6231738983057635E-7
1103                      2.619750056247424E-7
1104                      2.6163334222778007E-7
1105                      2.612923975562183E-7
1106                      2.6095216953409895E-7
1107                      2.6061265609297293E-7
1108                      2.602738551720305E-7
1109                      2.5993576471794674E-7
1110                      2.595983826847925E-7
1111                      2.5926170703416566E-7
1112                      2.5892573573502125E-7
1113                      2.5859046676371856E-7
1114                      2.582558981039141E-7
1115                      2.579220277466542E-7
1116                      2.5758885369015423E-7
1117                      2.572563739399937E-7
1118                      2.5692458650893367E-7
1119                      2.565934894168602E-7
1120                      2.562630806909433E-7
1121                      2.5593335836534426E-7
1122                      2.556043204814583E-7
1123                      2.552759650875982E-7
1124                      2.5494829023929833E-7
1125                      2.546212939989175E-7
1126                      2.542949744359655E-7
1127                      2.539693296267703E-7
1128                      2.5364435765460285E-7
1129                      2.533200566097233E-7
1130                      2.52996424589145E-7
1131                      2.526734596967302E-7
1132                      2.523511600431862E-7
1133                      2.520295237460223E-7
1134                      2.517085489293741E-7
1135                      2.5138823372423405E-7
1136                      2.510685762682157E-7
1137                      2.5074957470557223E-7
1138                      2.504312271872666E-7
1139                      2.501135318708365E-7
1140                      2.497964869203467E-7
1141                      2.494800905065005E-7
1142                      2.491643408064461E-7
1143                      2.4884923600392795E-7
1144                      2.4853477428905007E-7
1145                      2.4822095385838144E-7
1146                      2.4790777291499757E-7
1147                      2.475952296681897E-7
1148                      2.472833223338582E-7
1149                      2.469720491340028E-7
1150                      2.466614082970527E-7
1151                      2.4635139805768805E-7
1152                      2.460420166568372E-7
1153                      2.457332623417192E-7
1154                      2.4542513336566944E-7
1155                      2.451176279882356E-7
1156                      2.448107444751488E-7
1157                      2.445044810981984E-7
1158                      2.4419883613534754E-7
1159                      2.4389380787059273E-7
1160                      2.435893945939838E-7
1161                      2.4328559460162215E-7
1162                      2.429824061955762E-7
1163                      2.4267982768384915E-7
1164                      2.4237785738053753E-7
1165                      2.4207649360549196E-7
1166                      2.4177573468458237E-7
1167                      2.4147557894949176E-7
1168                      2.4117602473779775E-7
1169                      2.4087707039281696E-7
1170                      2.4057871426380105E-7
1171                      2.402809547056764E-7
1172                      2.399837900792041E-7
1173                      2.396872187507797E-7
1174                      2.3939123909255695E-7
1175                      2.3909584948240823E-7
1176                      2.388010483037936E-7
1177                      2.3850683394590973E-7
1178                      2.3821320480336426E-7
1179                      2.3792015927663572E-7
1180                      2.3762769577153708E-7
1181                      2.3733581269951057E-7
1182                      2.3704450847760896E-7
1183                      2.3675378152816388E-7
1184                      2.3646363027918389E-7
1185                      2.3617405316404616E-7
1186                      2.358850486215709E-7
1187                      2.3559661509592094E-7
1188                      2.3530875103679877E-7
1189                      2.3502145489909686E-7
1190                      2.3473472514318147E-7
1191                      2.3444856023463168E-7
1192                      2.341629586443844E-7
1193                      2.338779188486331E-7
1194                      2.3359343932884333E-7
1195                      2.33309518571696E-7
1196                      2.3302615506906378E-7
1197                      2.3274334731804528E-7
1198                      2.324610938208998E-7
1199                      2.3217939308498025E-7
1200                      2.318982436228267E-7
1201                      2.3161764395204706E-7
1202                      2.3133759259535305E-7
1203                      2.3105808808050096E-7
1204                      2.3077912894031882E-7
1205                      2.305007137125922E-7
1206                      2.302228409401767E-7
1207                      2.2994550917085656E-7
1208                      2.296687169573922E-7
1209                      2.293924628574971E-7
1210                      2.2911674543380705E-7
1211                      2.2884156325379154E-7
1212                      2.285669148898474E-7
1213                      2.2829279891929023E-7
1214                      2.280192139241596E-7
1215                      2.2774615849136786E-7
1216                      2.2747363121261866E-7
1217                      2.2720163068438905E-7
1218                      2.2693015550797758E-7
1219                      2.2665920428932506E-7
1220                      2.2638877563914296E-7
1221                      2.2611886817286295E-7
1222                      2.2584948051057578E-7
1223                      2.2558061127702004E-7
1224                      2.2531225910159836E-7
1225                      2.2504442261834052E-7
1226                      2.2477710046588828E-7
1227                      2.2451029128749184E-7
1228                      2.2424399373085413E-7
1229                      2.2397820644841054E-7
1230                      2.237129280969904E-7
1231                      2.2344815733800709E-7
1232                      2.2318389283733654E-7
1233                      2.2292013326531573E-7
1234                      2.226568772968207E-7
1235                      2.2239412361108133E-7
1236                      2.2213187089178744E-7
1237                      2.2187011782703668E-7
1238                      2.2160886310934855E-7
1239                      2.2134810543552644E-7
1240                      2.2108784350676858E-7
1241                      2.208280760286782E-7
1242                      2.2056880171108364E-7
1243                      2.203100192681244E-7
1244                      2.2005172741824997E-7
1245                      2.1979392488418498E-7
1246                      2.195366103928838E-7
1247                      2.1927978267553317E-7
1248                      2.1902344046750493E-7
1249                      2.187675825084329E-7
1250                      2.1851220754209767E-7
1251                      2.182573143164226E-7
1252                      2.1800290158353556E-7
1253                      2.1774896809963E-7
1254                      2.1749551262504754E-7
1255                      2.1724253392421619E-7
1256                      2.169900307656551E-7
1257                      2.1673800192195555E-7
1258                      2.1648644616972613E-7
1259                      2.1623536228965662E-7
1260                      2.159847490663777E-7
1261                      2.157346052886599E-7
1262                      2.1548492974904532E-7
1263                      2.152357212442419E-7
1264                      2.149869785748118E-7
1265                      2.1473870054527926E-7
1266                      2.1449088596406306E-7
1267                      2.1424353364355647E-7
1268                      2.1399664239997595E-7
1269                      2.137502110534094E-7
1270                      2.135042384278287E-7
1271                      2.1325872335108022E-7
1272                      2.1301366465480293E-7
1273                      2.1276906117439773E-7
1274                      2.125249117492E-7
1275                      2.1228121522222942E-7
1276                      2.12037970440235E-7
1277                      2.1179517625382227E-7
1278                      2.1155283151729632E-7
1279                      2.1131093508866255E-7
1280                      2.1106948582966603E-7
1281                      2.108284826056943E-7
1282                      2.1058792428587946E-7
1283                      2.1034780974300877E-7
1284                      2.101081378535021E-7
1285                      2.0986890749736935E-7
1286                      2.0963011755834803E-7
1287                      2.0939176692369364E-7
1288                      2.0915385448429595E-7
1289                      2.0891637913462738E-7
1290                      2.0867933977270482E-7
1291                      2.0844273530008509E-7
1292                      2.0820656462191807E-7
1293                      2.0797082664683044E-7
1294                      2.0773552028697678E-7
1295                      2.0750064445799472E-7
1296                      2.0726619807901288E-7
1297                      2.070321800726433E-7
1298                      2.0679858936491642E-7
1299                      2.0656542488532506E-7
1300                      2.0633268556681501E-7
1301                      2.0610037034569452E-7
1302                      2.058684781617425E-7
1303                      2.056370079580413E-7
1304                      2.0540595868113256E-7
1305                      2.05175329280847E-7
1306                      2.049451187104022E-7
1307                      2.0471532592635851E-7
1308                      2.0448594988858838E-7
1309                      2.042569895602894E-7
1310                      2.040284439078999E-7
1311                      2.0380031190121783E-7
1312                      2.0357259251325717E-7
1313                      2.0334528472033505E-7
1314                      2.0311838750196513E-7
1315                      2.0289189984094174E-7
1316                      2.0266582072323332E-7
1317                      2.0244014913804746E-7
1318                      2.0221488407782567E-7
1319                      2.0199002453811779E-7
1320                      2.0176556951768177E-7
1321                      2.015415180184393E-7
1322                      2.013178690454601E-7
1323                      2.010946216069118E-7
1324                      2.0087177471416752E-7
1325                      2.006493273815862E-7
1326                      2.0042727862676735E-7
1327                      2.0020562747030132E-7
1328                      1.9998437293587431E-7
1329                      1.997635140502584E-7
1330                      1.995430498432456E-7
1331                      1.993229793477027E-7
1332                      1.9910330159949626E-7
1333                      1.9888401563751913E-7
1334                      1.9866512050367782E-7
1335                      1.984466152428626E-7
1336                      1.9822849890296237E-7
1337                      1.9801077053478894E-7
1338                      1.977934291921774E-7
1339                      1.9757647393189058E-7
1340                      1.9735990381357608E-7
1341                      1.971437178999109E-7
1342                      1.9692791525636806E-7
1343                      1.9671249495144597E-7
1344                      1.9649745605642103E-7
1345                      1.962827976455278E-7
1346                      1.9606851879584223E-7
1347                      1.958546185872904E-7
1348                      1.9564109610269203E-7
1349                      1.9542795042763694E-7
1350                      1.952151806506168E-7
1351                      1.9500278586288652E-7
1352                      1.9479076515850613E-7
1353                      1.9457911763440376E-7
1354                      1.9436784239018702E-7
1355                      1.941569385283036E-7
1356                      1.9394640515393354E-7
1357                      1.9373624137505688E-7
1358                      1.935264463023415E-7
1359                      1.9331701904923853E-7
1360                      1.9310795873186772E-7
1361                      1.92899264469094E-7
1362                      1.9269093538248786E-7
1363                      1.9248297059631825E-7
1364                      1.9227536923748846E-7
1365                      1.920681304356157E-7
1366                      1.9186125332297527E-7
1367                      1.9165473703448428E-7
1368                      1.9144858070771082E-7
1369                      1.912427834828464E-7
1370                      1.9103734450272022E-7
1371                      1.9083226291271585E-7
1372                      1.9062753786090837E-7
1373                      1.9042316849787608E-7
1374                      1.9021915397688417E-7
1375                      1.9001549345367343E-7
1376                      1.8981218608658606E-7
1377                      1.8960923103652735E-7
1378                      1.8940662746695803E-7
1379                      1.892043745438444E-7
1380                      1.89002471435652E-7
1381                      1.8880091731347523E-7
1382                      1.8859971135077277E-7
1383                      1.883988527236048E-7
1384                      1.8819834061048536E-7
1385                      1.8799817419238933E-7
1386                      1.8779835265278183E-7
1387                      1.8759887517761707E-7
1388                      1.8739974095523358E-7
1389                      1.8720094917646908E-7
1390                      1.8700249903457915E-7
1391                      1.8680438972524786E-7
1392                      1.8660662044653758E-7
1393                      1.8640919039898964E-7
1394                      1.862120987854714E-7
1395                      1.8601534481126303E-7
1396                      1.8581892768409296E-7
1397                      1.8562284661394284E-7
1398                      1.8542710081324306E-7
1399                      1.8523168949674222E-7
1400                      1.8503661188155738E-7
1401                      1.848418671871278E-7
1402                      1.846474546352125E-7
1403                      1.8445337344989874E-7
1404                      1.8425962285759118E-7
1405                      1.8406620208702463E-7
1406                      1.8387311036917282E-7
1407                      1.83680346937302E-7
1408                      1.8348791102702893E-7
1409                      1.8329580187614666E-7
1410                      1.83104018724757E-7
1411                      1.8291256081522052E-7
1412                      1.8272142739211656E-7
1413                      1.8253061770229113E-7
1414                      1.823401309947797E-7
1415                      1.8214996652089345E-7
1416                      1.819601235341249E-7
1417                      1.8177060129015455E-7
1418                      1.815813990468549E-7
1419                      1.8139251606435897E-7
1420                      1.8120395160489452E-7
1421                      1.8101570493291658E-7
1422                      1.8082777531501016E-7
1423                      1.80640162019942E-7
1424                      1.8045286431860865E-7
1425                      1.8026588148408108E-7
1426                      1.8007921279152556E-7
1427                      1.7989285751825358E-7
1428                      1.7970681494371244E-7
1429                      1.7952108434940646E-7
1430                      1.793356650189955E-7
1431                      1.7915055623820374E-7
1432                      1.789657572948898E-7
1433                      1.7878126747893967E-7
1434                      1.7859708608232609E-7
1435                      1.784132123991138E-7
1436                      1.7822964572538418E-7
1437                      1.780463853593071E-7
1438                      1.7786343060109498E-7
1439                      1.7768078075294523E-7
1440                      1.774984351191699E-7
1441                      1.7731639300599508E-7
1442                      1.7713465372178077E-7
1443                      1.7695321657682017E-7
1444                      1.7677208088341647E-7
1445                      1.7659124595585406E-7
1446                      1.7641071111043977E-7
1447                      1.762304756654713E-7
1448                      1.7605053894113183E-7
1449                      1.7587090025967201E-7
1450                      1.756915589452095E-7
1451                      1.755125143239049E-7
1452                      1.753337657237894E-7
1453                      1.7515531247486915E-7
1454                      1.7497715390909187E-7
1455                      1.7479928936027037E-7
1456                      1.7462171816417325E-7
1457                      1.744444396585135E-7
1458                      1.7426745318281288E-7
1459                      1.740907580786248E-7
1460                      1.7391435368925195E-7
1461                      1.737382393599893E-7
1462                      1.735624144379245E-7
1463                      1.7338687827208964E-7
1464                      1.7321163021333172E-7
1465                      1.7303666961437188E-7
1466                      1.7286199582977546E-7
1467                      1.7268760821596174E-7
1468                      1.7251350613115523E-7
1469                      1.7233968893547282E-7
1470                      1.721661559907946E-7
1471                      1.719929066608637E-7
1472                      1.7181994031120364E-7
1473                      1.7164725630915663E-7
1474                      1.7147485402385898E-7
1475                      1.7130273282626734E-7
1476                      1.7113089208909257E-7
1477                      1.7095933118682114E-7
1478                      1.7078804949572934E-7
1479                      1.7061704639387673E-7
1480                      1.7044632126105967E-7
1481                      1.702758734788558E-7
1482                      1.701057024305494E-7
1483                      1.6993580750121312E-7
1484                      1.6976618807763584E-7
1485                      1.6959684354835697E-7
1486                      1.694277733036005E-7
1487                      1.692589767353361E-7
1488                      1.6909045323729262E-7
1489                      1.689222022048237E-7
1490                      1.6875422303501332E-7
1491                      1.685865151266616E-7
1492                      1.6841907788026886E-7
1493                      1.6825191069798393E-7
1494                      1.6808501298364446E-7
1495                      1.679183841427731E-7
1496                      1.6775202358254644E-7
1497                      1.6758593071181233E-7
1498                      1.674201049410788E-7
1499                      1.6725454568249679E-7
1500                      1.6708925234982938E-7
1501                      1.66924224358528E-7
1502                      1.6675946112567194E-7
1503                      1.665949620699558E-7
1504                      1.6643072661165684E-7
1505                      1.6626675417275726E-7
1506                      1.6610304417674204E-7
1507                      1.6593959604880247E-7
1508                      1.65776409215663E-7
1509                      1.6561348310567545E-7
1510                      1.6545081714876865E-7
1511                      1.652884107764471E-7
1512                      1.6512626342182367E-7
1513                      1.6496437451953703E-7
1514                      1.648027435058286E-7
1515                      1.6464136981849692E-7
1516                      1.6448025289689734E-7
1517                      1.6431939218191435E-7
1518                      1.641587871160044E-7
1519                      1.6399843714317314E-7
1520                      1.6383834170890594E-7
1521                      1.6367850026030546E-7
1522                      1.6351891224592301E-7
1523                      1.6335957711586852E-7
1524                      1.6320049432175925E-7
1525                      1.630416633167149E-7
1526                      1.6288308355538103E-7
1527                      1.6272475449386582E-7
1528                      1.6256667558980764E-7
1529                      1.6240884630231972E-7
1530                      1.6225126609202235E-7
1531                      1.6209393442097878E-7
1532                      1.6193685075273866E-7
1533                      1.6178001455232507E-7
1534                      1.6162342528623697E-7
1535                      1.6146708242242352E-7
1536                      1.6131098543031252E-7
1537                      1.6115513378070838E-7
1538                      1.6099952694593146E-7
1539                      1.608441643997409E-7
1540                      1.6068904561730757E-7
1541                      1.6053417007520933E-7
1542                      1.6037953725151172E-7
1543                      1.6022514662565916E-7
1544                      1.6007099767852738E-7
1545                      1.5991708989239606E-7
1546                      1.597634227509544E-7
1547                      1.5960999573930957E-7
1548                      1.5945680834393046E-7
1549                      1.5930386005271314E-7
1550                      1.5915115035494279E-7
1551                      1.5899867874125124E-7
1552                      1.5884644470369683E-7
1553                      1.5869444773567227E-7
1554                      1.5854268733198466E-7
1555                      1.5839116298875422E-7
1556                      1.5823987420351162E-7
1557                      1.5808882047509143E-7
1558                      1.5793800130375612E-7
1559                      1.577874161910363E-7
1560                      1.5763706463986813E-7
1561                      1.5748694615446628E-7
1562                      1.5733706024044556E-7
1563                      1.5718740640469229E-7
1564                      1.5703798415545964E-7
1565                      1.5688879300231368E-7
1566                      1.5673983245611897E-7
1567                      1.5659110202906763E-7
1568                      1.5644260123466352E-7
1569                      1.5629432958768513E-7
1570                      1.5614628660428895E-7
1571                      1.5599847180181754E-7
1572                      1.5585088469898158E-7
1573                      1.5570352481575122E-7
1574                      1.55556391673394E-7
1575                      1.5540948479443863E-7
1576                      1.5526280370270386E-7
1577                      1.5511634792327913E-7
1578                      1.549701169825128E-7
1579                      1.5482411040800506E-7
1580                      1.5467832772860498E-7
1581                      1.5453276847448073E-7
1582                      1.5438743217699343E-7
1583                      1.5424231836874145E-7
1584                      1.5409742658360985E-7
1585                      1.53952756356669E-7
1586                      1.5380830722427505E-7
1587                      1.5366407872398186E-7
1588                      1.5352007039457826E-7
1589                      1.5337628177606296E-7
1590                      1.5323271240969795E-7
1591                      1.530893618378685E-7
1592                      1.5294622960428004E-7
1593                      1.5280331525375445E-7
1594                      1.526606183323549E-7
1595                      1.5251813838735212E-7
1596                      1.523758749671911E-7
1597                      1.5223382762151923E-7
1598                      1.5209199590116345E-7
1599                      1.5195037935812813E-7
1600                      1.518089775456093E-7
1601                      1.5166779001797633E-7
1602                      1.5152681633075448E-7
1603                      1.5138605604066822E-7
1604                      1.5124550870558447E-7
1605                      1.5110517388452378E-7
1606                      1.5096505113766435E-7
1607                      1.508251400263723E-7
1608                      1.5068544011311872E-7
1609                      1.505459509615512E-7
1610                      1.5040667213641818E-7
1611                      1.502676032036656E-7
1612                      1.5012874373032978E-7
1613                      1.4999009328458393E-7
1614                      1.498516514357471E-7
1615                      1.4971341775423084E-7
1616                      1.4957539181162295E-7
1617                      1.4943757318055016E-7
1618                      1.4929996143481312E-7
1619                      1.4916255614931253E-7
1620                      1.4902535690003555E-7
1621                      1.488883632640548E-7
1622                      1.4875157481962105E-7
1623                      1.4861499114598666E-7
1624                      1.484786118235703E-7
1625                      1.483424364338057E-7
1626                      1.4820646455927723E-7
1627                      1.4807069578363053E-7
1628                      1.4793512969157185E-7
1629                      1.477997658689047E-7
1630                      1.476646039024851E-7
1631                      1.4752964338026782E-7
1632                      1.4739488389122102E-7
1633                      1.4726032502543682E-7
1634                      1.4712596637400864E-7
1635                      1.4699180752911389E-7
1636                      1.4685784808399272E-7
1637                      1.4672408763290776E-7
1638                      1.4659052577118574E-7
1639                      1.464571620951631E-7
1640                      1.463239962022553E-7
1641                      1.4619102769089318E-7
1642                      1.460582561605292E-7
1643                      1.4592568121168564E-7
1644                      1.4579330244584513E-7
1645                      1.4566111946557127E-7
1646                      1.4552913187441313E-7
1647                      1.4539733927694727E-7
1648                      1.452657412787632E-7
1649                      1.4513433748645548E-7
1650                      1.4500312750763934E-7
1651                      1.448721109508979E-7
1652                      1.447412874258571E-7
1653                      1.4461065654312432E-7
1654                      1.4448021791427617E-7
1655                      1.443499711519135E-7
1656                      1.442199158696184E-7
1657                      1.4409005168193478E-7
1658                      1.4396037820442576E-7
1659                      1.4383089505358103E-7
1660                      1.4370160184693308E-7
1661                      1.435724982029163E-7
1662                      1.4344358374099363E-7
1663                      1.4331485808155807E-7
1664                      1.431863208459709E-7
1665                      1.4305797165657172E-7
1666                      1.429298101366583E-7
1667                      1.4280183591043746E-7
1668                      1.4267404860313011E-7
1669                      1.4254644784084288E-7
1670                      1.424190332507072E-7
1671                      1.4229180446072236E-7
1672                      1.4216476109985974E-7
1673                      1.4203790279802747E-7
1674                      1.419112291860694E-7
1675                      1.417847398957615E-7
1676                      1.416584345597914E-7
1677                      1.41532312811792E-7
1678                      1.4140637428632085E-7
1679                      1.4128061861881614E-7
1680                      1.411550454457045E-7
1681                      1.41029654404245E-7
1682                      1.409044451326761E-7
1683                      1.407794172701017E-7
1684                      1.4065457045656877E-7
1685                      1.405299043329827E-7
1686                      1.404054185411817E-7
1687                      1.4028111272390638E-7
1688                      1.401569865247497E-7
1689                      1.4003303958825414E-7
1690                      1.399092715597984E-7
1691                      1.3978568208570985E-7
1692                      1.3966227081311997E-7
1693                      1.395390373901123E-7
1694                      1.3941598146560807E-7
1695                      1.3929310268944117E-7
1696                      1.3917040071227452E-7
1697                      1.3904787518566426E-7
1698                      1.389255257620392E-7
1699                      1.388033520946784E-7
1700                      1.386813538377482E-7
1701                      1.3855953064625748E-7
1702                      1.3843788217607346E-7
1703                      1.3831640808391328E-7
1704                      1.381951080273668E-7
1705                      1.3807398166484636E-7
1706                      1.379530286556449E-7
1707                      1.3783224865987576E-7
1708                      1.3771164133849176E-7
1709                      1.3759120635329091E-7
1710                      1.374709433669348E-7
1711                      1.373508520428725E-7
1712                      1.372309320454237E-7
1713                      1.3711118303972393E-7
1714                      1.3699160469172782E-7
1715                      1.3687219666821625E-7
1716                      1.367529586368171E-7
1717                      1.3663389026594728E-7
1718                      1.365149912248574E-7
1719                      1.363962611836078E-7
1720                      1.3627769981306062E-7
1721                      1.3615930678491546E-7
1722                      1.3604108177166755E-7
1723                      1.3592302444660048E-7
1724                      1.358051344838148E-7
1725                      1.356874115582095E-7
1726                      1.3556985534547921E-7
1727                      1.3545246552213854E-7
1728                      1.3533524176544587E-7
1729                      1.3521818375349792E-7
1730                      1.351012911651461E-7
1731                      1.349845636800607E-7
1732                      1.348680009786563E-7
1733                      1.3475160274216185E-7
1734                      1.3463536865257374E-7
1735                      1.3451929839266794E-7
1736                      1.344033916459902E-7
1737                      1.3428764809686257E-7
1738                      1.3417206743035915E-7
1739                      1.3405664933235605E-7
1740                      1.339413934894839E-7
1741                      1.3382629958910373E-7
1742                      1.3371136731938778E-7
1743                      1.3359659636921183E-7
1744                      1.3348198642827207E-7
1745                      1.3336753718698117E-7
1746                      1.332532483364863E-7
1747                      1.3313911956873963E-7
1748                      1.3302515057635592E-7
1749                      1.3291134105279785E-7
1750                      1.3279769069220018E-7
1751                      1.3268419918945647E-7
1752                      1.3257086624020247E-7
1753                      1.3245769154081023E-7
1754                      1.3234467478839383E-7
1755                      1.3223181568077254E-7
1756                      1.3211911391653783E-7
1757                      1.3200656919498081E-7
1758                      1.3189418121610383E-7
1759                      1.3178194968067876E-7
1760                      1.3166987429015466E-7
1761                      1.3155795474673213E-7
1762                      1.3144619075331214E-7
1763                      1.3133458201351134E-7
1764                      1.3122312823167592E-7
1765                      1.3111182911281667E-7
1766                      1.3100068436273486E-7
1767                      1.30889693687851E-7
1768                      1.3077885679535445E-7
1769                      1.3066817339310895E-7
1770                      1.3055764318967892E-7
1771                      1.304472658943439E-7
1772                      1.3033704121706201E-7
1773                      1.3022696886848552E-7
1774                      1.3011704855998046E-7
1775                      1.3000728000359602E-7
1776                      1.2989766291204644E-7
1777                      1.2978819699875737E-7
1778                      1.2967888197783982E-7
1779                      1.2956971756407454E-7
1780                      1.2946070347293736E-7
1781                      1.293518394205687E-7
1782                      1.2924312512379333E-7
1783                      1.2913456030010302E-7
1784                      1.2902614466767766E-7
1785                      1.289178779453623E-7
1786                      1.288097598526634E-7
1787                      1.2870179010976503E-7
1788                      1.2859396843750015E-7
1789                      1.2848629455739399E-7
1790                      1.2837876819159543E-7
1791                      1.2827138906294803E-7
1792                      1.2816415689493525E-7
1793                      1.2805707141170316E-7
1794                      1.2795013233803257E-7
1795                      1.2784333939939208E-7
1796                      1.277366923218585E-7
1797                      1.2763019083219284E-7
1798                      1.2752383465778075E-7
1799                      1.2741762352666867E-7
1800                      1.2731155716753243E-7
1801                      1.2720563530968343E-7
1802                      1.2709985768309467E-7
1803                      1.2699422401835422E-7
1804                      1.2688873404670122E-7
1805                      1.2678338749999627E-7
1806                      1.266781841107502E-7
1807                      1.2657312361206828E-7
1808                      1.264682057377336E-7
1809                      1.2636343022210027E-7
1810                      1.2625879680019472E-7
1811                      1.2615430520764772E-7
1812                      1.2604995518069663E-7
1813                      1.2594574645622212E-7
1814                      1.2584167877171604E-7
1815                      1.2573775186527063E-7
1816                      1.2563396547561178E-7
1817                      1.2553031934205203E-7
1818                      1.2542681320456382E-7
1819                      1.253234468036674E-7
1820                      1.2522021988053877E-7
1821                      1.2511713217692654E-7
1822                      1.250141834351948E-7
1823                      1.2491137339833625E-7
1824                      1.2480870180988326E-7
1825                      1.2470616841402145E-7
1826                      1.2460377295551258E-7
1827                      1.2450151517971527E-7
1828                      1.243993948325829E-7
1829                      1.2429741166064745E-7
1830                      1.241955654110504E-7
1831                      1.240938558315117E-7
1832                      1.239922826703477E-7
1833                      1.2389084567645457E-7
1834                      1.2378954459929626E-7
1835                      1.236883791889504E-7
1836                      1.2358734919603702E-7
1837                      1.2348645437179416E-7
1838                      1.2338569446800195E-7
1839                      1.2328506923703827E-7
1840                      1.231845784318427E-7
1841                      1.2308422180595026E-7
1842                      1.229839991134291E-7
1843                      1.2288391010894185E-7
1844                      1.2278395454771997E-7
1845                      1.2268413218552988E-7
1846                      1.2258444277877302E-7
1847                      1.2248488608431968E-7
1848                      1.223854618596583E-7
1849                      1.2228616986283542E-7
1850                      1.2218700985245649E-7
1851                      1.2208798158765064E-7
1852                      1.2198908482813803E-7
1853                      1.218903193341736E-7
1854                      1.21791684866566E-7
1855                      1.216931811866893E-7
1856                      1.2159480805644224E-7
1857                      1.2149656523829358E-7
1858                      1.2139845249524178E-7
1859                      1.2130046959082344E-7
1860                      1.2120261628914032E-7
1861                      1.211048923548262E-7
1862                      1.210072975530466E-7
1863                      1.2090983164951758E-7
1864                      1.2081249441047783E-7
1865                      1.2071528560269632E-7
1866                      1.2061820499351192E-7
1867                      1.2052125235076078E-7
1868                      1.2042442744282558E-7
1869                      1.2032773003860548E-7
1870                      1.2023115990752868E-7
1871                      1.2013471681958255E-7
1872                      1.2003840054522047E-7
1873                      1.1994221085547395E-7
1874                      1.1984614752186854E-7
1875                      1.1975021031645364E-7
1876                      1.1965439901181115E-7
1877                      1.1955871338100234E-7
1878                      1.1946315319766016E-7
1879                      1.1936771823589777E-7
1880                      1.1927240827034339E-7
1881                      1.1917722307614123E-7
1882                      1.1908216242896185E-7
1883                      1.1898722610494919E-7
1884                      1.1889241388079117E-7
1885                      1.1879772553366355E-7
1886                      1.1870316084125176E-7
1887                      1.1860871958173938E-7
1888                      1.185144015338185E-7
1889                      1.1842020647668688E-7
1890                      1.1832613419003254E-7
1891                      1.182321844540414E-7
1892                      1.1813835704940304E-7
1893                      1.1804465175730058E-7
1894                      1.1795106835940122E-7
1895                      1.17857606637885E-7
1896                      1.1776426637540347E-7
1897                      1.1767104735510511E-7
1898                      1.1757794936064336E-7
1899                      1.1748497217612766E-7
1900                      1.1739211558617746E-7
1901                      1.1729937937589401E-7
1902                      1.1720676333085055E-7
1903                      1.1711426723710862E-7
1904                      1.1702189088122176E-7
1905                      1.1692963405020364E-7
1906                      1.1683749653156356E-7
1907                      1.1674547811326786E-7
1908                      1.1665357858378781E-7
1909                      1.1656179773203712E-7
1910                      1.1647013534742162E-7
1911                      1.163785912198129E-7
1912                      1.1628716513956684E-7
1913                      1.1619585689747385E-7
1914                      1.1610466628484267E-7
1915                      1.1601359309339364E-7
1916                      1.1592263711535386E-7
1917                      1.1583179814340335E-7
1918                      1.1574107597068029E-7
1919                      1.156504703907762E-7
1920                      1.1555998119776627E-7
1921                      1.1546960818616814E-7
1922                      1.1537935115096412E-7
1923                      1.1528920988758434E-7
1924                      1.1519918419192724E-7
1925                      1.1510927386033471E-7
1926                      1.1501947868960778E-7
1927                      1.1492979847699386E-7
1928                      1.1484023302019942E-7
1929                      1.1475078211738492E-7
1930                      1.1466144556712637E-7
1931                      1.145722231684933E-7
1932                      1.1448311472096837E-7
1933                      1.1439412002448007E-7
1934                      1.1430523887943517E-7
1935                      1.1421647108662404E-7
1936                      1.1412781644734022E-7
1937                      1.1403927476325932E-7
1938                      1.1395084583653921E-7
1939                      1.1386252946976953E-7
1940                      1.1377432546594953E-7
1941                      1.1368623362853998E-7
1942                      1.1359825376142627E-7
1943                      1.135103856689222E-7
1944                      1.1342262915578725E-7
1945                      1.1333498402719128E-7
1946                      1.1324745008874531E-7
1947                      1.1316002714650113E-7
1948                      1.1307271500691889E-7
1949                      1.1298551347687908E-7
1950                      1.1289842236371524E-7
1951                      1.1281144147516615E-7
1952                      1.1272457061938718E-7
1953                      1.1263780960497052E-7
1954                      1.1255115824091539E-7
1955                      1.1246461633665019E-7
1956                      1.1237818370201969E-7
1957                      1.1229186014728489E-7
1958                      1.1220564548312221E-7
1959                      1.121195395206188E-7
1960                      1.1203354207127641E-7
1961                      1.1194765294701826E-7
1962                      1.1186187196017217E-7
1963                      1.1177619892348958E-7
1964                      1.1169063365009557E-7
1965                      1.1160517595356787E-7
1966                      1.1151982564785975E-7
1967                      1.1143458254734788E-7
1968                      1.1134944646681282E-7
1969                      1.1126441722142544E-7
1970                      1.1117949462678303E-7
1971                      1.1109467849885195E-7
1972                      1.1100996865402335E-7
1973                      1.1092536490909626E-7
1974                      1.1084086708124565E-7
1975                      1.1075647498806213E-7
1976                      1.1067218844751271E-7
1977                      1.1058800727797529E-7
1978                      1.1050393129823758E-7
1979                      1.1041996032743503E-7
1980                      1.1033609418514311E-7
1981                      1.1025233269129772E-7
1982                      1.101686756662507E-7
1983                      1.100851229307169E-7
1984                      1.1000167430581528E-7
1985                      1.099183296130557E-7
1986                      1.0983508867431739E-7
1987                      1.0975195131188678E-7
1988                      1.0966891734841453E-7
1989                      1.0958598660694663E-7
1990                      1.0950315891091002E-7
1991                      1.0942043408410826E-7
1992                      1.0933781195073152E-7
1993                      1.0925529233535634E-7
1994                      1.0917287506291749E-7
1995                      1.090905599587346E-7
1996                      1.0900834684851065E-7
1997                      1.089262355583203E-7
1998                      1.0884422591462042E-7
1999                      1.0876231774422631E-7
2000                      1.086805108743358E-7
